program,candidate_family,comparator_family,track,comparison_status,paired_rows,finite_pairs,rms_wins,max_wins,median_rms_other_over_candidate,median_latency_other_over_candidate,accuracy_and_speed_wins,ratio_convention,pairing_scope,denominator_note,wins_definition,source_file,source_json_pointer,source_sha256
roadmap,cheap_fno,source,discrete,DESCRIPTIVE_PAIRED_MEASUREMENTS,1440,1440,426,489,0.9993419915504942,0.9751142355501488,34,comparator / candidate; >1 favors candidate for lower RMS and lower latency,"same parent, grid, schedule and spatial target; paired neural seed; classical controls reused across neural seeds; .27 and .81 horizons pooled only after same-schedule pairing","paired_rows/finite_pairs are repeated endpoint observations, not independent fields; discrete 24 independent field clusters; continuum 12","strict candidate RMS<control RMS; strict max<control max; accuracy_and_speed requires strict RMS,max,and cost wins together; no tolerance feasibility filter",results/roadmap-full-review/neural-review.json,/paired_same_schedule/cheap_fno/source/discrete,dfd77097a59dbc0b5af3b7dc1f57073fc459c9ddc98aec45db9da92b4a0124f6
roadmap,cheap_fno,source,continuum,DESCRIPTIVE_PAIRED_MEASUREMENTS,720,720,257,314,1.0,0.9751578792501676,22,comparator / candidate; >1 favors candidate for lower RMS and lower latency,"same parent, grid, schedule and spatial target; paired neural seed; classical controls reused across neural seeds; .27 and .81 horizons pooled only after same-schedule pairing","paired_rows/finite_pairs are repeated endpoint observations, not independent fields; discrete 24 independent field clusters; continuum 12","strict candidate RMS<control RMS; strict max<control max; accuracy_and_speed requires strict RMS,max,and cost wins together; no tolerance feasibility filter",results/roadmap-full-review/neural-review.json,/paired_same_schedule/cheap_fno/source/continuum,dfd77097a59dbc0b5af3b7dc1f57073fc459c9ddc98aec45db9da92b4a0124f6
roadmap,cheap_fno,source_postcompression,discrete,DESCRIPTIVE_PAIRED_MEASUREMENTS,1440,1440,542,390,1.0,1.088312439676346,327,comparator / candidate; >1 favors candidate for lower RMS and lower latency,"same parent, grid, schedule and spatial target; paired neural seed; classical controls reused across neural seeds; .27 and .81 horizons pooled only after same-schedule pairing","paired_rows/finite_pairs are repeated endpoint observations, not independent fields; discrete 24 independent field clusters; continuum 12","strict candidate RMS<control RMS; strict max<control max; accuracy_and_speed requires strict RMS,max,and cost wins together; no tolerance feasibility filter",results/roadmap-full-review/neural-review.json,/paired_same_schedule/cheap_fno/source_postcompression/discrete,dfd77097a59dbc0b5af3b7dc1f57073fc459c9ddc98aec45db9da92b4a0124f6
roadmap,cheap_fno,source_postcompression,continuum,DESCRIPTIVE_PAIRED_MEASUREMENTS,720,720,271,383,1.0,1.087884283121162,242,comparator / candidate; >1 favors candidate for lower RMS and lower latency,"same parent, grid, schedule and spatial target; paired neural seed; classical controls reused across neural seeds; .27 and .81 horizons pooled only after same-schedule pairing","paired_rows/finite_pairs are repeated endpoint observations, not independent fields; discrete 24 independent field clusters; continuum 12","strict candidate RMS<control RMS; strict max<control max; accuracy_and_speed requires strict RMS,max,and cost wins together; no tolerance feasibility filter",results/roadmap-full-review/neural-review.json,/paired_same_schedule/cheap_fno/source_postcompression/continuum,dfd77097a59dbc0b5af3b7dc1f57073fc459c9ddc98aec45db9da92b4a0124f6
roadmap,cheap_fno,deep_fno,discrete,DESCRIPTIVE_PAIRED_MEASUREMENTS,1440,1440,344,459,0.9973149042804903,1.8585639600803876,267,comparator / candidate; >1 favors candidate for lower RMS and lower latency,"same parent, grid, schedule and spatial target; paired neural seed; classical controls reused across neural seeds; .27 and .81 horizons pooled only after same-schedule pairing","paired_rows/finite_pairs are repeated endpoint observations, not independent fields; discrete 24 independent field clusters; continuum 12","strict candidate RMS<control RMS; strict max<control max; accuracy_and_speed requires strict RMS,max,and cost wins together; no tolerance feasibility filter",results/roadmap-full-review/neural-review.json,/paired_same_schedule/cheap_fno/deep_fno/discrete,dfd77097a59dbc0b5af3b7dc1f57073fc459c9ddc98aec45db9da92b4a0124f6
roadmap,cheap_fno,deep_fno,continuum,DESCRIPTIVE_PAIRED_MEASUREMENTS,720,720,238,283,0.9999990634091841,1.859119463834079,171,comparator / candidate; >1 favors candidate for lower RMS and lower latency,"same parent, grid, schedule and spatial target; paired neural seed; classical controls reused across neural seeds; .27 and .81 horizons pooled only after same-schedule pairing","paired_rows/finite_pairs are repeated endpoint observations, not independent fields; discrete 24 independent field clusters; continuum 12","strict candidate RMS<control RMS; strict max<control max; accuracy_and_speed requires strict RMS,max,and cost wins together; no tolerance feasibility filter",results/roadmap-full-review/neural-review.json,/paired_same_schedule/cheap_fno/deep_fno/continuum,dfd77097a59dbc0b5af3b7dc1f57073fc459c9ddc98aec45db9da92b4a0124f6
roadmap,cheap_fno,direct_fno,discrete,DESCRIPTIVE_PAIRED_MEASUREMENTS,1440,1440,1440,1440,3134.9346905189614,1.4046398392173256,1439,comparator / candidate; >1 favors candidate for lower RMS and lower latency,"same parent, grid, schedule and spatial target; paired neural seed; classical controls reused across neural seeds; .27 and .81 horizons pooled only after same-schedule pairing","paired_rows/finite_pairs are repeated endpoint observations, not independent fields; discrete 24 independent field clusters; continuum 12","strict candidate RMS<control RMS; strict max<control max; accuracy_and_speed requires strict RMS,max,and cost wins together; no tolerance feasibility filter",results/roadmap-full-review/neural-review.json,/paired_same_schedule/cheap_fno/direct_fno/discrete,dfd77097a59dbc0b5af3b7dc1f57073fc459c9ddc98aec45db9da92b4a0124f6
roadmap,cheap_fno,direct_fno,continuum,DESCRIPTIVE_PAIRED_MEASUREMENTS,720,720,720,720,1005.6039189731036,1.4041894990475456,720,comparator / candidate; >1 favors candidate for lower RMS and lower latency,"same parent, grid, schedule and spatial target; paired neural seed; classical controls reused across neural seeds; .27 and .81 horizons pooled only after same-schedule pairing","paired_rows/finite_pairs are repeated endpoint observations, not independent fields; discrete 24 independent field clusters; continuum 12","strict candidate RMS<control RMS; strict max<control max; accuracy_and_speed requires strict RMS,max,and cost wins together; no tolerance feasibility filter",results/roadmap-full-review/neural-review.json,/paired_same_schedule/cheap_fno/direct_fno/continuum,dfd77097a59dbc0b5af3b7dc1f57073fc459c9ddc98aec45db9da92b4a0124f6
roadmap,cheap_fno,df_base,discrete,DESCRIPTIVE_PAIRED_MEASUREMENTS,1440,1440,561,444,0.9999999349018481,0.30633192732938663,0,comparator / candidate; >1 favors candidate for lower RMS and lower latency,"same parent, grid, schedule and spatial target; paired neural seed; classical controls reused across neural seeds; .27 and .81 horizons pooled only after same-schedule pairing","paired_rows/finite_pairs are repeated endpoint observations, not independent fields; discrete 24 independent field clusters; continuum 12","strict candidate RMS<control RMS; strict max<control max; accuracy_and_speed requires strict RMS,max,and cost wins together; no tolerance feasibility filter",results/roadmap-full-review/neural-review.json,/paired_same_schedule/cheap_fno/df_base/discrete,dfd77097a59dbc0b5af3b7dc1f57073fc459c9ddc98aec45db9da92b4a0124f6
roadmap,cheap_fno,df_base,continuum,DESCRIPTIVE_PAIRED_MEASUREMENTS,720,720,546,342,1.0000406369912502,0.306892370175469,0,comparator / candidate; >1 favors candidate for lower RMS and lower latency,"same parent, grid, schedule and spatial target; paired neural seed; classical controls reused across neural seeds; .27 and .81 horizons pooled only after same-schedule pairing","paired_rows/finite_pairs are repeated endpoint observations, not independent fields; discrete 24 independent field clusters; continuum 12","strict candidate RMS<control RMS; strict max<control max; accuracy_and_speed requires strict RMS,max,and cost wins together; no tolerance feasibility filter",results/roadmap-full-review/neural-review.json,/paired_same_schedule/cheap_fno/df_base/continuum,dfd77097a59dbc0b5af3b7dc1f57073fc459c9ddc98aec45db9da92b4a0124f6
roadmap,cheap_fno,df_quad2,discrete,DESCRIPTIVE_PAIRED_MEASUREMENTS,1440,1440,18,36,0.12905666672613464,1.4486189428777345,12,comparator / candidate; >1 favors candidate for lower RMS and lower latency,"same parent, grid, schedule and spatial target; paired neural seed; classical controls reused across neural seeds; .27 and .81 horizons pooled only after same-schedule pairing","paired_rows/finite_pairs are repeated endpoint observations, not independent fields; discrete 24 independent field clusters; continuum 12","strict candidate RMS<control RMS; strict max<control max; accuracy_and_speed requires strict RMS,max,and cost wins together; no tolerance feasibility filter",results/roadmap-full-review/neural-review.json,/paired_same_schedule/cheap_fno/df_quad2/discrete,dfd77097a59dbc0b5af3b7dc1f57073fc459c9ddc98aec45db9da92b4a0124f6
roadmap,cheap_fno,df_quad2,continuum,DESCRIPTIVE_PAIRED_MEASUREMENTS,720,720,393,528,1.0001369530133872,1.448339967761914,389,comparator / candidate; >1 favors candidate for lower RMS and lower latency,"same parent, grid, schedule and spatial target; paired neural seed; classical controls reused across neural seeds; .27 and .81 horizons pooled only after same-schedule pairing","paired_rows/finite_pairs are repeated endpoint observations, not independent fields; discrete 24 independent field clusters; continuum 12","strict candidate RMS<control RMS; strict max<control max; accuracy_and_speed requires strict RMS,max,and cost wins together; no tolerance feasibility filter",results/roadmap-full-review/neural-review.json,/paired_same_schedule/cheap_fno/df_quad2/continuum,dfd77097a59dbc0b5af3b7dc1f57073fc459c9ddc98aec45db9da92b4a0124f6
roadmap,cheap_fno,rf_base,discrete,DESCRIPTIVE_PAIRED_MEASUREMENTS,1440,1440,1182,1191,1.953721521131912,0.3384195405273194,0,comparator / candidate; >1 favors candidate for lower RMS and lower latency,"same parent, grid, schedule and spatial target; paired neural seed; classical controls reused across neural seeds; .27 and .81 horizons pooled only after same-schedule pairing","paired_rows/finite_pairs are repeated endpoint observations, not independent fields; discrete 24 independent field clusters; continuum 12","strict candidate RMS<control RMS; strict max<control max; accuracy_and_speed requires strict RMS,max,and cost wins together; no tolerance feasibility filter",results/roadmap-full-review/neural-review.json,/paired_same_schedule/cheap_fno/rf_base/discrete,dfd77097a59dbc0b5af3b7dc1f57073fc459c9ddc98aec45db9da92b4a0124f6
roadmap,cheap_fno,rf_base,continuum,DESCRIPTIVE_PAIRED_MEASUREMENTS,720,720,624,720,1.0800773668993888,0.3381668587489868,0,comparator / candidate; >1 favors candidate for lower RMS and lower latency,"same parent, grid, schedule and spatial target; paired neural seed; classical controls reused across neural seeds; .27 and .81 horizons pooled only after same-schedule pairing","paired_rows/finite_pairs are repeated endpoint observations, not independent fields; discrete 24 independent field clusters; continuum 12","strict candidate RMS<control RMS; strict max<control max; accuracy_and_speed requires strict RMS,max,and cost wins together; no tolerance feasibility filter",results/roadmap-full-review/neural-review.json,/paired_same_schedule/cheap_fno/rf_base/continuum,dfd77097a59dbc0b5af3b7dc1f57073fc459c9ddc98aec45db9da92b4a0124f6
roadmap,cheap_fno,etdrk4,discrete,DESCRIPTIVE_PAIRED_MEASUREMENTS,1440,1440,891,849,2.856374606841425,0.5155068983874013,0,comparator / candidate; >1 favors candidate for lower RMS and lower latency,"same parent, grid, schedule and spatial target; paired neural seed; classical controls reused across neural seeds; .27 and .81 horizons pooled only after same-schedule pairing","paired_rows/finite_pairs are repeated endpoint observations, not independent fields; discrete 24 independent field clusters; continuum 12","strict candidate RMS<control RMS; strict max<control max; accuracy_and_speed requires strict RMS,max,and cost wins together; no tolerance feasibility filter",results/roadmap-full-review/neural-review.json,/paired_same_schedule/cheap_fno/etdrk4/discrete,dfd77097a59dbc0b5af3b7dc1f57073fc459c9ddc98aec45db9da92b4a0124f6
roadmap,cheap_fno,etdrk4,continuum,DESCRIPTIVE_PAIRED_MEASUREMENTS,720,720,651,705,1.179268558973888,0.5147996302001057,0,comparator / candidate; >1 favors candidate for lower RMS and lower latency,"same parent, grid, schedule and spatial target; paired neural seed; classical controls reused across neural seeds; .27 and .81 horizons pooled only after same-schedule pairing","paired_rows/finite_pairs are repeated endpoint observations, not independent fields; discrete 24 independent field clusters; continuum 12","strict candidate RMS<control RMS; strict max<control max; accuracy_and_speed requires strict RMS,max,and cost wins together; no tolerance feasibility filter",results/roadmap-full-review/neural-review.json,/paired_same_schedule/cheap_fno/etdrk4/continuum,dfd77097a59dbc0b5af3b7dc1f57073fc459c9ddc98aec45db9da92b4a0124f6
roadmap,cheap_fno,gl3_fused,discrete,DESCRIPTIVE_PAIRED_MEASUREMENTS,1440,1440,66,60,0.08669937500016696,1.0943449709552104,33,comparator / candidate; >1 favors candidate for lower RMS and lower latency,"same parent, grid, schedule and spatial target; paired neural seed; classical controls reused across neural seeds; .27 and .81 horizons pooled only after same-schedule pairing","paired_rows/finite_pairs are repeated endpoint observations, not independent fields; discrete 24 independent field clusters; continuum 12","strict candidate RMS<control RMS; strict max<control max; accuracy_and_speed requires strict RMS,max,and cost wins together; no tolerance feasibility filter",results/roadmap-full-review/neural-review.json,/paired_same_schedule/cheap_fno/gl3_fused/discrete,dfd77097a59dbc0b5af3b7dc1f57073fc459c9ddc98aec45db9da92b4a0124f6
roadmap,cheap_fno,gl3_fused,continuum,DESCRIPTIVE_PAIRED_MEASUREMENTS,720,720,318,570,0.9976245039037472,1.0943051088206928,306,comparator / candidate; >1 favors candidate for lower RMS and lower latency,"same parent, grid, schedule and spatial target; paired neural seed; classical controls reused across neural seeds; .27 and .81 horizons pooled only after same-schedule pairing","paired_rows/finite_pairs are repeated endpoint observations, not independent fields; discrete 24 independent field clusters; continuum 12","strict candidate RMS<control RMS; strict max<control max; accuracy_and_speed requires strict RMS,max,and cost wins together; no tolerance feasibility filter",results/roadmap-full-review/neural-review.json,/paired_same_schedule/cheap_fno/gl3_fused/continuum,dfd77097a59dbc0b5af3b7dc1f57073fc459c9ddc98aec45db9da92b4a0124f6
roadmap,etdrk4,source,discrete,UNAVAILABLE_NO_MATCHED_ROWS,0,0,0,0,,,0,comparator / candidate; >1 favors candidate for lower RMS and lower latency,"same parent, grid, schedule and spatial target; paired neural seed; classical controls reused across neural seeds; .27 and .81 horizons pooled only after same-schedule pairing","paired_rows/finite_pairs are repeated endpoint observations, not independent fields; discrete 24 independent field clusters; continuum 12","strict candidate RMS<control RMS; strict max<control max; accuracy_and_speed requires strict RMS,max,and cost wins together; no tolerance feasibility filter",results/roadmap-full-review/neural-review.json,/paired_same_schedule/etdrk4/source/discrete,dfd77097a59dbc0b5af3b7dc1f57073fc459c9ddc98aec45db9da92b4a0124f6
roadmap,etdrk4,source,continuum,UNAVAILABLE_NO_MATCHED_ROWS,0,0,0,0,,,0,comparator / candidate; >1 favors candidate for lower RMS and lower latency,"same parent, grid, schedule and spatial target; paired neural seed; classical controls reused across neural seeds; .27 and .81 horizons pooled only after same-schedule pairing","paired_rows/finite_pairs are repeated endpoint observations, not independent fields; discrete 24 independent field clusters; continuum 12","strict candidate RMS<control RMS; strict max<control max; accuracy_and_speed requires strict RMS,max,and cost wins together; no tolerance feasibility filter",results/roadmap-full-review/neural-review.json,/paired_same_schedule/etdrk4/source/continuum,dfd77097a59dbc0b5af3b7dc1f57073fc459c9ddc98aec45db9da92b4a0124f6
roadmap,etdrk4,source_postcompression,discrete,UNAVAILABLE_NO_MATCHED_ROWS,0,0,0,0,,,0,comparator / candidate; >1 favors candidate for lower RMS and lower latency,"same parent, grid, schedule and spatial target; paired neural seed; classical controls reused across neural seeds; .27 and .81 horizons pooled only after same-schedule pairing","paired_rows/finite_pairs are repeated endpoint observations, not independent fields; discrete 24 independent field clusters; continuum 12","strict candidate RMS<control RMS; strict max<control max; accuracy_and_speed requires strict RMS,max,and cost wins together; no tolerance feasibility filter",results/roadmap-full-review/neural-review.json,/paired_same_schedule/etdrk4/source_postcompression/discrete,dfd77097a59dbc0b5af3b7dc1f57073fc459c9ddc98aec45db9da92b4a0124f6
roadmap,etdrk4,source_postcompression,continuum,UNAVAILABLE_NO_MATCHED_ROWS,0,0,0,0,,,0,comparator / candidate; >1 favors candidate for lower RMS and lower latency,"same parent, grid, schedule and spatial target; paired neural seed; classical controls reused across neural seeds; .27 and .81 horizons pooled only after same-schedule pairing","paired_rows/finite_pairs are repeated endpoint observations, not independent fields; discrete 24 independent field clusters; continuum 12","strict candidate RMS<control RMS; strict max<control max; accuracy_and_speed requires strict RMS,max,and cost wins together; no tolerance feasibility filter",results/roadmap-full-review/neural-review.json,/paired_same_schedule/etdrk4/source_postcompression/continuum,dfd77097a59dbc0b5af3b7dc1f57073fc459c9ddc98aec45db9da92b4a0124f6
roadmap,etdrk4,cheap_fno,discrete,UNAVAILABLE_NO_MATCHED_ROWS,0,0,0,0,,,0,comparator / candidate; >1 favors candidate for lower RMS and lower latency,"same parent, grid, schedule and spatial target; paired neural seed; classical controls reused across neural seeds; .27 and .81 horizons pooled only after same-schedule pairing","paired_rows/finite_pairs are repeated endpoint observations, not independent fields; discrete 24 independent field clusters; continuum 12","strict candidate RMS<control RMS; strict max<control max; accuracy_and_speed requires strict RMS,max,and cost wins together; no tolerance feasibility filter",results/roadmap-full-review/neural-review.json,/paired_same_schedule/etdrk4/cheap_fno/discrete,dfd77097a59dbc0b5af3b7dc1f57073fc459c9ddc98aec45db9da92b4a0124f6
roadmap,etdrk4,cheap_fno,continuum,UNAVAILABLE_NO_MATCHED_ROWS,0,0,0,0,,,0,comparator / candidate; >1 favors candidate for lower RMS and lower latency,"same parent, grid, schedule and spatial target; paired neural seed; classical controls reused across neural seeds; .27 and .81 horizons pooled only after same-schedule pairing","paired_rows/finite_pairs are repeated endpoint observations, not independent fields; discrete 24 independent field clusters; continuum 12","strict candidate RMS<control RMS; strict max<control max; accuracy_and_speed requires strict RMS,max,and cost wins together; no tolerance feasibility filter",results/roadmap-full-review/neural-review.json,/paired_same_schedule/etdrk4/cheap_fno/continuum,dfd77097a59dbc0b5af3b7dc1f57073fc459c9ddc98aec45db9da92b4a0124f6
roadmap,etdrk4,deep_fno,discrete,UNAVAILABLE_NO_MATCHED_ROWS,0,0,0,0,,,0,comparator / candidate; >1 favors candidate for lower RMS and lower latency,"same parent, grid, schedule and spatial target; paired neural seed; classical controls reused across neural seeds; .27 and .81 horizons pooled only after same-schedule pairing","paired_rows/finite_pairs are repeated endpoint observations, not independent fields; discrete 24 independent field clusters; continuum 12","strict candidate RMS<control RMS; strict max<control max; accuracy_and_speed requires strict RMS,max,and cost wins together; no tolerance feasibility filter",results/roadmap-full-review/neural-review.json,/paired_same_schedule/etdrk4/deep_fno/discrete,dfd77097a59dbc0b5af3b7dc1f57073fc459c9ddc98aec45db9da92b4a0124f6
roadmap,etdrk4,deep_fno,continuum,UNAVAILABLE_NO_MATCHED_ROWS,0,0,0,0,,,0,comparator / candidate; >1 favors candidate for lower RMS and lower latency,"same parent, grid, schedule and spatial target; paired neural seed; classical controls reused across neural seeds; .27 and .81 horizons pooled only after same-schedule pairing","paired_rows/finite_pairs are repeated endpoint observations, not independent fields; discrete 24 independent field clusters; continuum 12","strict candidate RMS<control RMS; strict max<control max; accuracy_and_speed requires strict RMS,max,and cost wins together; no tolerance feasibility filter",results/roadmap-full-review/neural-review.json,/paired_same_schedule/etdrk4/deep_fno/continuum,dfd77097a59dbc0b5af3b7dc1f57073fc459c9ddc98aec45db9da92b4a0124f6
roadmap,etdrk4,direct_fno,discrete,UNAVAILABLE_NO_MATCHED_ROWS,0,0,0,0,,,0,comparator / candidate; >1 favors candidate for lower RMS and lower latency,"same parent, grid, schedule and spatial target; paired neural seed; classical controls reused across neural seeds; .27 and .81 horizons pooled only after same-schedule pairing","paired_rows/finite_pairs are repeated endpoint observations, not independent fields; discrete 24 independent field clusters; continuum 12","strict candidate RMS<control RMS; strict max<control max; accuracy_and_speed requires strict RMS,max,and cost wins together; no tolerance feasibility filter",results/roadmap-full-review/neural-review.json,/paired_same_schedule/etdrk4/direct_fno/discrete,dfd77097a59dbc0b5af3b7dc1f57073fc459c9ddc98aec45db9da92b4a0124f6
roadmap,etdrk4,direct_fno,continuum,UNAVAILABLE_NO_MATCHED_ROWS,0,0,0,0,,,0,comparator / candidate; >1 favors candidate for lower RMS and lower latency,"same parent, grid, schedule and spatial target; paired neural seed; classical controls reused across neural seeds; .27 and .81 horizons pooled only after same-schedule pairing","paired_rows/finite_pairs are repeated endpoint observations, not independent fields; discrete 24 independent field clusters; continuum 12","strict candidate RMS<control RMS; strict max<control max; accuracy_and_speed requires strict RMS,max,and cost wins together; no tolerance feasibility filter",results/roadmap-full-review/neural-review.json,/paired_same_schedule/etdrk4/direct_fno/continuum,dfd77097a59dbc0b5af3b7dc1f57073fc459c9ddc98aec45db9da92b4a0124f6
roadmap,etdrk4,df_base,discrete,DESCRIPTIVE_PAIRED_MEASUREMENTS,480,480,181,191,0.3518890349881518,0.5924620866589346,0,comparator / candidate; >1 favors candidate for lower RMS and lower latency,"same parent, grid, schedule and spatial target; paired neural seed; classical controls reused across neural seeds; .27 and .81 horizons pooled only after same-schedule pairing","paired_rows/finite_pairs are repeated endpoint observations, not independent fields; discrete 24 independent field clusters; continuum 12","strict candidate RMS<control RMS; strict max<control max; accuracy_and_speed requires strict RMS,max,and cost wins together; no tolerance feasibility filter",results/roadmap-full-review/neural-review.json,/paired_same_schedule/etdrk4/df_base/discrete,dfd77097a59dbc0b5af3b7dc1f57073fc459c9ddc98aec45db9da92b4a0124f6
roadmap,etdrk4,df_base,continuum,DESCRIPTIVE_PAIRED_MEASUREMENTS,240,240,30,10,0.8487195026316391,0.5961935827909435,0,comparator / candidate; >1 favors candidate for lower RMS and lower latency,"same parent, grid, schedule and spatial target; paired neural seed; classical controls reused across neural seeds; .27 and .81 horizons pooled only after same-schedule pairing","paired_rows/finite_pairs are repeated endpoint observations, not independent fields; discrete 24 independent field clusters; continuum 12","strict candidate RMS<control RMS; strict max<control max; accuracy_and_speed requires strict RMS,max,and cost wins together; no tolerance feasibility filter",results/roadmap-full-review/neural-review.json,/paired_same_schedule/etdrk4/df_base/continuum,dfd77097a59dbc0b5af3b7dc1f57073fc459c9ddc98aec45db9da92b4a0124f6
roadmap,etdrk4,df_quad2,discrete,DESCRIPTIVE_PAIRED_MEASUREMENTS,480,480,42,61,0.1017439476347978,2.8088096505211126,42,comparator / candidate; >1 favors candidate for lower RMS and lower latency,"same parent, grid, schedule and spatial target; paired neural seed; classical controls reused across neural seeds; .27 and .81 horizons pooled only after same-schedule pairing","paired_rows/finite_pairs are repeated endpoint observations, not independent fields; discrete 24 independent field clusters; continuum 12","strict candidate RMS<control RMS; strict max<control max; accuracy_and_speed requires strict RMS,max,and cost wins together; no tolerance feasibility filter",results/roadmap-full-review/neural-review.json,/paired_same_schedule/etdrk4/df_quad2/discrete,dfd77097a59dbc0b5af3b7dc1f57073fc459c9ddc98aec45db9da92b4a0124f6
roadmap,etdrk4,df_quad2,continuum,DESCRIPTIVE_PAIRED_MEASUREMENTS,240,240,37,13,0.9001434154175885,2.8123141313268203,9,comparator / candidate; >1 favors candidate for lower RMS and lower latency,"same parent, grid, schedule and spatial target; paired neural seed; classical controls reused across neural seeds; .27 and .81 horizons pooled only after same-schedule pairing","paired_rows/finite_pairs are repeated endpoint observations, not independent fields; discrete 24 independent field clusters; continuum 12","strict candidate RMS<control RMS; strict max<control max; accuracy_and_speed requires strict RMS,max,and cost wins together; no tolerance feasibility filter",results/roadmap-full-review/neural-review.json,/paired_same_schedule/etdrk4/df_quad2/continuum,dfd77097a59dbc0b5af3b7dc1f57073fc459c9ddc98aec45db9da92b4a0124f6
roadmap,etdrk4,rf_base,discrete,DESCRIPTIVE_PAIRED_MEASUREMENTS,480,480,201,223,0.5340436775319345,0.6564908755550417,2,comparator / candidate; >1 favors candidate for lower RMS and lower latency,"same parent, grid, schedule and spatial target; paired neural seed; classical controls reused across neural seeds; .27 and .81 horizons pooled only after same-schedule pairing","paired_rows/finite_pairs are repeated endpoint observations, not independent fields; discrete 24 independent field clusters; continuum 12","strict candidate RMS<control RMS; strict max<control max; accuracy_and_speed requires strict RMS,max,and cost wins together; no tolerance feasibility filter",results/roadmap-full-review/neural-review.json,/paired_same_schedule/etdrk4/rf_base/discrete,dfd77097a59dbc0b5af3b7dc1f57073fc459c9ddc98aec45db9da92b4a0124f6
roadmap,etdrk4,rf_base,continuum,DESCRIPTIVE_PAIRED_MEASUREMENTS,240,240,100,110,0.9888160338339536,0.6574081920744135,2,comparator / candidate; >1 favors candidate for lower RMS and lower latency,"same parent, grid, schedule and spatial target; paired neural seed; classical controls reused across neural seeds; .27 and .81 horizons pooled only after same-schedule pairing","paired_rows/finite_pairs are repeated endpoint observations, not independent fields; discrete 24 independent field clusters; continuum 12","strict candidate RMS<control RMS; strict max<control max; accuracy_and_speed requires strict RMS,max,and cost wins together; no tolerance feasibility filter",results/roadmap-full-review/neural-review.json,/paired_same_schedule/etdrk4/rf_base/continuum,dfd77097a59dbc0b5af3b7dc1f57073fc459c9ddc98aec45db9da92b4a0124f6
roadmap,etdrk4,gl3_fused,discrete,DESCRIPTIVE_PAIRED_MEASUREMENTS,480,480,36,40,0.03964978576019987,2.122789071236981,35,comparator / candidate; >1 favors candidate for lower RMS and lower latency,"same parent, grid, schedule and spatial target; paired neural seed; classical controls reused across neural seeds; .27 and .81 horizons pooled only after same-schedule pairing","paired_rows/finite_pairs are repeated endpoint observations, not independent fields; discrete 24 independent field clusters; continuum 12","strict candidate RMS<control RMS; strict max<control max; accuracy_and_speed requires strict RMS,max,and cost wins together; no tolerance feasibility filter",results/roadmap-full-review/neural-review.json,/paired_same_schedule/etdrk4/gl3_fused/discrete,dfd77097a59dbc0b5af3b7dc1f57073fc459c9ddc98aec45db9da92b4a0124f6
roadmap,etdrk4,gl3_fused,continuum,DESCRIPTIVE_PAIRED_MEASUREMENTS,240,240,44,38,0.8838646690835761,2.1257872108681033,29,comparator / candidate; >1 favors candidate for lower RMS and lower latency,"same parent, grid, schedule and spatial target; paired neural seed; classical controls reused across neural seeds; .27 and .81 horizons pooled only after same-schedule pairing","paired_rows/finite_pairs are repeated endpoint observations, not independent fields; discrete 24 independent field clusters; continuum 12","strict candidate RMS<control RMS; strict max<control max; accuracy_and_speed requires strict RMS,max,and cost wins together; no tolerance feasibility filter",results/roadmap-full-review/neural-review.json,/paired_same_schedule/etdrk4/gl3_fused/continuum,dfd77097a59dbc0b5af3b7dc1f57073fc459c9ddc98aec45db9da92b4a0124f6
roadmap,df_quad2,source,discrete,UNAVAILABLE_NO_MATCHED_ROWS,0,0,0,0,,,0,comparator / candidate; >1 favors candidate for lower RMS and lower latency,"same parent, grid, schedule and spatial target; paired neural seed; classical controls reused across neural seeds; .27 and .81 horizons pooled only after same-schedule pairing","paired_rows/finite_pairs are repeated endpoint observations, not independent fields; discrete 24 independent field clusters; continuum 12","strict candidate RMS<control RMS; strict max<control max; accuracy_and_speed requires strict RMS,max,and cost wins together; no tolerance feasibility filter",results/roadmap-full-review/neural-review.json,/paired_same_schedule/df_quad2/source/discrete,dfd77097a59dbc0b5af3b7dc1f57073fc459c9ddc98aec45db9da92b4a0124f6
roadmap,df_quad2,source,continuum,UNAVAILABLE_NO_MATCHED_ROWS,0,0,0,0,,,0,comparator / candidate; >1 favors candidate for lower RMS and lower latency,"same parent, grid, schedule and spatial target; paired neural seed; classical controls reused across neural seeds; .27 and .81 horizons pooled only after same-schedule pairing","paired_rows/finite_pairs are repeated endpoint observations, not independent fields; discrete 24 independent field clusters; continuum 12","strict candidate RMS<control RMS; strict max<control max; accuracy_and_speed requires strict RMS,max,and cost wins together; no tolerance feasibility filter",results/roadmap-full-review/neural-review.json,/paired_same_schedule/df_quad2/source/continuum,dfd77097a59dbc0b5af3b7dc1f57073fc459c9ddc98aec45db9da92b4a0124f6
roadmap,df_quad2,source_postcompression,discrete,UNAVAILABLE_NO_MATCHED_ROWS,0,0,0,0,,,0,comparator / candidate; >1 favors candidate for lower RMS and lower latency,"same parent, grid, schedule and spatial target; paired neural seed; classical controls reused across neural seeds; .27 and .81 horizons pooled only after same-schedule pairing","paired_rows/finite_pairs are repeated endpoint observations, not independent fields; discrete 24 independent field clusters; continuum 12","strict candidate RMS<control RMS; strict max<control max; accuracy_and_speed requires strict RMS,max,and cost wins together; no tolerance feasibility filter",results/roadmap-full-review/neural-review.json,/paired_same_schedule/df_quad2/source_postcompression/discrete,dfd77097a59dbc0b5af3b7dc1f57073fc459c9ddc98aec45db9da92b4a0124f6
roadmap,df_quad2,source_postcompression,continuum,UNAVAILABLE_NO_MATCHED_ROWS,0,0,0,0,,,0,comparator / candidate; >1 favors candidate for lower RMS and lower latency,"same parent, grid, schedule and spatial target; paired neural seed; classical controls reused across neural seeds; .27 and .81 horizons pooled only after same-schedule pairing","paired_rows/finite_pairs are repeated endpoint observations, not independent fields; discrete 24 independent field clusters; continuum 12","strict candidate RMS<control RMS; strict max<control max; accuracy_and_speed requires strict RMS,max,and cost wins together; no tolerance feasibility filter",results/roadmap-full-review/neural-review.json,/paired_same_schedule/df_quad2/source_postcompression/continuum,dfd77097a59dbc0b5af3b7dc1f57073fc459c9ddc98aec45db9da92b4a0124f6
roadmap,df_quad2,cheap_fno,discrete,UNAVAILABLE_NO_MATCHED_ROWS,0,0,0,0,,,0,comparator / candidate; >1 favors candidate for lower RMS and lower latency,"same parent, grid, schedule and spatial target; paired neural seed; classical controls reused across neural seeds; .27 and .81 horizons pooled only after same-schedule pairing","paired_rows/finite_pairs are repeated endpoint observations, not independent fields; discrete 24 independent field clusters; continuum 12","strict candidate RMS<control RMS; strict max<control max; accuracy_and_speed requires strict RMS,max,and cost wins together; no tolerance feasibility filter",results/roadmap-full-review/neural-review.json,/paired_same_schedule/df_quad2/cheap_fno/discrete,dfd77097a59dbc0b5af3b7dc1f57073fc459c9ddc98aec45db9da92b4a0124f6
roadmap,df_quad2,cheap_fno,continuum,UNAVAILABLE_NO_MATCHED_ROWS,0,0,0,0,,,0,comparator / candidate; >1 favors candidate for lower RMS and lower latency,"same parent, grid, schedule and spatial target; paired neural seed; classical controls reused across neural seeds; .27 and .81 horizons pooled only after same-schedule pairing","paired_rows/finite_pairs are repeated endpoint observations, not independent fields; discrete 24 independent field clusters; continuum 12","strict candidate RMS<control RMS; strict max<control max; accuracy_and_speed requires strict RMS,max,and cost wins together; no tolerance feasibility filter",results/roadmap-full-review/neural-review.json,/paired_same_schedule/df_quad2/cheap_fno/continuum,dfd77097a59dbc0b5af3b7dc1f57073fc459c9ddc98aec45db9da92b4a0124f6
roadmap,df_quad2,deep_fno,discrete,UNAVAILABLE_NO_MATCHED_ROWS,0,0,0,0,,,0,comparator / candidate; >1 favors candidate for lower RMS and lower latency,"same parent, grid, schedule and spatial target; paired neural seed; classical controls reused across neural seeds; .27 and .81 horizons pooled only after same-schedule pairing","paired_rows/finite_pairs are repeated endpoint observations, not independent fields; discrete 24 independent field clusters; continuum 12","strict candidate RMS<control RMS; strict max<control max; accuracy_and_speed requires strict RMS,max,and cost wins together; no tolerance feasibility filter",results/roadmap-full-review/neural-review.json,/paired_same_schedule/df_quad2/deep_fno/discrete,dfd77097a59dbc0b5af3b7dc1f57073fc459c9ddc98aec45db9da92b4a0124f6
roadmap,df_quad2,deep_fno,continuum,UNAVAILABLE_NO_MATCHED_ROWS,0,0,0,0,,,0,comparator / candidate; >1 favors candidate for lower RMS and lower latency,"same parent, grid, schedule and spatial target; paired neural seed; classical controls reused across neural seeds; .27 and .81 horizons pooled only after same-schedule pairing","paired_rows/finite_pairs are repeated endpoint observations, not independent fields; discrete 24 independent field clusters; continuum 12","strict candidate RMS<control RMS; strict max<control max; accuracy_and_speed requires strict RMS,max,and cost wins together; no tolerance feasibility filter",results/roadmap-full-review/neural-review.json,/paired_same_schedule/df_quad2/deep_fno/continuum,dfd77097a59dbc0b5af3b7dc1f57073fc459c9ddc98aec45db9da92b4a0124f6
roadmap,df_quad2,direct_fno,discrete,UNAVAILABLE_NO_MATCHED_ROWS,0,0,0,0,,,0,comparator / candidate; >1 favors candidate for lower RMS and lower latency,"same parent, grid, schedule and spatial target; paired neural seed; classical controls reused across neural seeds; .27 and .81 horizons pooled only after same-schedule pairing","paired_rows/finite_pairs are repeated endpoint observations, not independent fields; discrete 24 independent field clusters; continuum 12","strict candidate RMS<control RMS; strict max<control max; accuracy_and_speed requires strict RMS,max,and cost wins together; no tolerance feasibility filter",results/roadmap-full-review/neural-review.json,/paired_same_schedule/df_quad2/direct_fno/discrete,dfd77097a59dbc0b5af3b7dc1f57073fc459c9ddc98aec45db9da92b4a0124f6
roadmap,df_quad2,direct_fno,continuum,UNAVAILABLE_NO_MATCHED_ROWS,0,0,0,0,,,0,comparator / candidate; >1 favors candidate for lower RMS and lower latency,"same parent, grid, schedule and spatial target; paired neural seed; classical controls reused across neural seeds; .27 and .81 horizons pooled only after same-schedule pairing","paired_rows/finite_pairs are repeated endpoint observations, not independent fields; discrete 24 independent field clusters; continuum 12","strict candidate RMS<control RMS; strict max<control max; accuracy_and_speed requires strict RMS,max,and cost wins together; no tolerance feasibility filter",results/roadmap-full-review/neural-review.json,/paired_same_schedule/df_quad2/direct_fno/continuum,dfd77097a59dbc0b5af3b7dc1f57073fc459c9ddc98aec45db9da92b4a0124f6
roadmap,df_quad2,df_base,discrete,DESCRIPTIVE_PAIRED_MEASUREMENTS,480,480,452,448,7.748534232036653,0.2112641916856593,0,comparator / candidate; >1 favors candidate for lower RMS and lower latency,"same parent, grid, schedule and spatial target; paired neural seed; classical controls reused across neural seeds; .27 and .81 horizons pooled only after same-schedule pairing","paired_rows/finite_pairs are repeated endpoint observations, not independent fields; discrete 24 independent field clusters; continuum 12","strict candidate RMS<control RMS; strict max<control max; accuracy_and_speed requires strict RMS,max,and cost wins together; no tolerance feasibility filter",results/roadmap-full-review/neural-review.json,/paired_same_schedule/df_quad2/df_base/discrete,dfd77097a59dbc0b5af3b7dc1f57073fc459c9ddc98aec45db9da92b4a0124f6
roadmap,df_quad2,df_base,continuum,DESCRIPTIVE_PAIRED_MEASUREMENTS,240,240,135,71,1.0005260490989074,0.2112641916856593,0,comparator / candidate; >1 favors candidate for lower RMS and lower latency,"same parent, grid, schedule and spatial target; paired neural seed; classical controls reused across neural seeds; .27 and .81 horizons pooled only after same-schedule pairing","paired_rows/finite_pairs are repeated endpoint observations, not independent fields; discrete 24 independent field clusters; continuum 12","strict candidate RMS<control RMS; strict max<control max; accuracy_and_speed requires strict RMS,max,and cost wins together; no tolerance feasibility filter",results/roadmap-full-review/neural-review.json,/paired_same_schedule/df_quad2/df_base/continuum,dfd77097a59dbc0b5af3b7dc1f57073fc459c9ddc98aec45db9da92b4a0124f6
roadmap,df_quad2,rf_base,discrete,DESCRIPTIVE_PAIRED_MEASUREMENTS,480,480,469,450,15.398888537272516,0.23335483949571634,0,comparator / candidate; >1 favors candidate for lower RMS and lower latency,"same parent, grid, schedule and spatial target; paired neural seed; classical controls reused across neural seeds; .27 and .81 horizons pooled only after same-schedule pairing","paired_rows/finite_pairs are repeated endpoint observations, not independent fields; discrete 24 independent field clusters; continuum 12","strict candidate RMS<control RMS; strict max<control max; accuracy_and_speed requires strict RMS,max,and cost wins together; no tolerance feasibility filter",results/roadmap-full-review/neural-review.json,/paired_same_schedule/df_quad2/rf_base/discrete,dfd77097a59dbc0b5af3b7dc1f57073fc459c9ddc98aec45db9da92b4a0124f6
roadmap,df_quad2,rf_base,continuum,DESCRIPTIVE_PAIRED_MEASUREMENTS,240,240,203,240,1.1022628502187821,0.23316112657091723,0,comparator / candidate; >1 favors candidate for lower RMS and lower latency,"same parent, grid, schedule and spatial target; paired neural seed; classical controls reused across neural seeds; .27 and .81 horizons pooled only after same-schedule pairing","paired_rows/finite_pairs are repeated endpoint observations, not independent fields; discrete 24 independent field clusters; continuum 12","strict candidate RMS<control RMS; strict max<control max; accuracy_and_speed requires strict RMS,max,and cost wins together; no tolerance feasibility filter",results/roadmap-full-review/neural-review.json,/paired_same_schedule/df_quad2/rf_base/continuum,dfd77097a59dbc0b5af3b7dc1f57073fc459c9ddc98aec45db9da92b4a0124f6
roadmap,df_quad2,etdrk4,discrete,DESCRIPTIVE_PAIRED_MEASUREMENTS,480,480,438,419,9.828594459396175,0.356022701688139,0,comparator / candidate; >1 favors candidate for lower RMS and lower latency,"same parent, grid, schedule and spatial target; paired neural seed; classical controls reused across neural seeds; .27 and .81 horizons pooled only after same-schedule pairing","paired_rows/finite_pairs are repeated endpoint observations, not independent fields; discrete 24 independent field clusters; continuum 12","strict candidate RMS<control RMS; strict max<control max; accuracy_and_speed requires strict RMS,max,and cost wins together; no tolerance feasibility filter",results/roadmap-full-review/neural-review.json,/paired_same_schedule/df_quad2/etdrk4/discrete,dfd77097a59dbc0b5af3b7dc1f57073fc459c9ddc98aec45db9da92b4a0124f6
roadmap,df_quad2,etdrk4,continuum,DESCRIPTIVE_PAIRED_MEASUREMENTS,240,240,203,227,1.111815797245561,0.3555790574113677,0,comparator / candidate; >1 favors candidate for lower RMS and lower latency,"same parent, grid, schedule and spatial target; paired neural seed; classical controls reused across neural seeds; .27 and .81 horizons pooled only after same-schedule pairing","paired_rows/finite_pairs are repeated endpoint observations, not independent fields; discrete 24 independent field clusters; continuum 12","strict candidate RMS<control RMS; strict max<control max; accuracy_and_speed requires strict RMS,max,and cost wins together; no tolerance feasibility filter",results/roadmap-full-review/neural-review.json,/paired_same_schedule/df_quad2/etdrk4/continuum,dfd77097a59dbc0b5af3b7dc1f57073fc459c9ddc98aec45db9da92b4a0124f6
roadmap,df_quad2,gl3_fused,discrete,DESCRIPTIVE_PAIRED_MEASUREMENTS,480,480,152,145,0.6608331387586912,0.7555683841087157,0,comparator / candidate; >1 favors candidate for lower RMS and lower latency,"same parent, grid, schedule and spatial target; paired neural seed; classical controls reused across neural seeds; .27 and .81 horizons pooled only after same-schedule pairing","paired_rows/finite_pairs are repeated endpoint observations, not independent fields; discrete 24 independent field clusters; continuum 12","strict candidate RMS<control RMS; strict max<control max; accuracy_and_speed requires strict RMS,max,and cost wins together; no tolerance feasibility filter",results/roadmap-full-review/neural-review.json,/paired_same_schedule/df_quad2/gl3_fused/discrete,dfd77097a59dbc0b5af3b7dc1f57073fc459c9ddc98aec45db9da92b4a0124f6
roadmap,df_quad2,gl3_fused,continuum,DESCRIPTIVE_PAIRED_MEASUREMENTS,240,240,150,204,1.000116485043126,0.7548547821958999,0,comparator / candidate; >1 favors candidate for lower RMS and lower latency,"same parent, grid, schedule and spatial target; paired neural seed; classical controls reused across neural seeds; .27 and .81 horizons pooled only after same-schedule pairing","paired_rows/finite_pairs are repeated endpoint observations, not independent fields; discrete 24 independent field clusters; continuum 12","strict candidate RMS<control RMS; strict max<control max; accuracy_and_speed requires strict RMS,max,and cost wins together; no tolerance feasibility filter",results/roadmap-full-review/neural-review.json,/paired_same_schedule/df_quad2/gl3_fused/continuum,dfd77097a59dbc0b5af3b7dc1f57073fc459c9ddc98aec45db9da92b4a0124f6
roadmap,c1_rank1,source,discrete,DESCRIPTIVE_PAIRED_MEASUREMENTS,1440,1440,1381,1358,6.609598308911903,0.2872116770295409,0,comparator / candidate; >1 favors candidate for lower RMS and lower latency,"same parent, grid, schedule and spatial target; paired neural seed; classical controls reused across neural seeds; .27 and .81 horizons pooled only after same-schedule pairing","paired_rows/finite_pairs are repeated endpoint observations, not independent fields; discrete 24 independent field clusters; continuum 12","strict candidate RMS<control RMS; strict max<control max; accuracy_and_speed requires strict RMS,max,and cost wins together; no tolerance feasibility filter",results/roadmap-full-review/neural-review.json,/paired_same_schedule/c1_rank1/source/discrete,dfd77097a59dbc0b5af3b7dc1f57073fc459c9ddc98aec45db9da92b4a0124f6
roadmap,c1_rank1,source,continuum,DESCRIPTIVE_PAIRED_MEASUREMENTS,720,720,296,168,0.9998207199357572,0.2875495014643415,0,comparator / candidate; >1 favors candidate for lower RMS and lower latency,"same parent, grid, schedule and spatial target; paired neural seed; classical controls reused across neural seeds; .27 and .81 horizons pooled only after same-schedule pairing","paired_rows/finite_pairs are repeated endpoint observations, not independent fields; discrete 24 independent field clusters; continuum 12","strict candidate RMS<control RMS; strict max<control max; accuracy_and_speed requires strict RMS,max,and cost wins together; no tolerance feasibility filter",results/roadmap-full-review/neural-review.json,/paired_same_schedule/c1_rank1/source/continuum,dfd77097a59dbc0b5af3b7dc1f57073fc459c9ddc98aec45db9da92b4a0124f6
roadmap,c1_rank1,source_postcompression,discrete,DESCRIPTIVE_PAIRED_MEASUREMENTS,1440,1440,1347,1337,7.480528017585698,0.3205164805577594,0,comparator / candidate; >1 favors candidate for lower RMS and lower latency,"same parent, grid, schedule and spatial target; paired neural seed; classical controls reused across neural seeds; .27 and .81 horizons pooled only after same-schedule pairing","paired_rows/finite_pairs are repeated endpoint observations, not independent fields; discrete 24 independent field clusters; continuum 12","strict candidate RMS<control RMS; strict max<control max; accuracy_and_speed requires strict RMS,max,and cost wins together; no tolerance feasibility filter",results/roadmap-full-review/neural-review.json,/paired_same_schedule/c1_rank1/source_postcompression/discrete,dfd77097a59dbc0b5af3b7dc1f57073fc459c9ddc98aec45db9da92b4a0124f6
roadmap,c1_rank1,source_postcompression,continuum,DESCRIPTIVE_PAIRED_MEASUREMENTS,720,720,305,252,0.9998466593078319,0.32045839002807197,0,comparator / candidate; >1 favors candidate for lower RMS and lower latency,"same parent, grid, schedule and spatial target; paired neural seed; classical controls reused across neural seeds; .27 and .81 horizons pooled only after same-schedule pairing","paired_rows/finite_pairs are repeated endpoint observations, not independent fields; discrete 24 independent field clusters; continuum 12","strict candidate RMS<control RMS; strict max<control max; accuracy_and_speed requires strict RMS,max,and cost wins together; no tolerance feasibility filter",results/roadmap-full-review/neural-review.json,/paired_same_schedule/c1_rank1/source_postcompression/continuum,dfd77097a59dbc0b5af3b7dc1f57073fc459c9ddc98aec45db9da92b4a0124f6
roadmap,c1_rank1,cheap_fno,discrete,DESCRIPTIVE_PAIRED_MEASUREMENTS,1440,1440,1369,1346,6.712449114059073,0.2943961269662184,0,comparator / candidate; >1 favors candidate for lower RMS and lower latency,"same parent, grid, schedule and spatial target; paired neural seed; classical controls reused across neural seeds; .27 and .81 horizons pooled only after same-schedule pairing","paired_rows/finite_pairs are repeated endpoint observations, not independent fields; discrete 24 independent field clusters; continuum 12","strict candidate RMS<control RMS; strict max<control max; accuracy_and_speed requires strict RMS,max,and cost wins together; no tolerance feasibility filter",results/roadmap-full-review/neural-review.json,/paired_same_schedule/c1_rank1/cheap_fno/discrete,dfd77097a59dbc0b5af3b7dc1f57073fc459c9ddc98aec45db9da92b4a0124f6
roadmap,c1_rank1,cheap_fno,continuum,DESCRIPTIVE_PAIRED_MEASUREMENTS,720,720,294,159,0.9998134801238309,0.2946630317425648,0,comparator / candidate; >1 favors candidate for lower RMS and lower latency,"same parent, grid, schedule and spatial target; paired neural seed; classical controls reused across neural seeds; .27 and .81 horizons pooled only after same-schedule pairing","paired_rows/finite_pairs are repeated endpoint observations, not independent fields; discrete 24 independent field clusters; continuum 12","strict candidate RMS<control RMS; strict max<control max; accuracy_and_speed requires strict RMS,max,and cost wins together; no tolerance feasibility filter",results/roadmap-full-review/neural-review.json,/paired_same_schedule/c1_rank1/cheap_fno/continuum,dfd77097a59dbc0b5af3b7dc1f57073fc459c9ddc98aec45db9da92b4a0124f6
roadmap,c1_rank1,deep_fno,discrete,DESCRIPTIVE_PAIRED_MEASUREMENTS,1440,1440,1388,1372,6.7240794547088285,0.5475547831655909,0,comparator / candidate; >1 favors candidate for lower RMS and lower latency,"same parent, grid, schedule and spatial target; paired neural seed; classical controls reused across neural seeds; .27 and .81 horizons pooled only after same-schedule pairing","paired_rows/finite_pairs are repeated endpoint observations, not independent fields; discrete 24 independent field clusters; continuum 12","strict candidate RMS<control RMS; strict max<control max; accuracy_and_speed requires strict RMS,max,and cost wins together; no tolerance feasibility filter",results/roadmap-full-review/neural-review.json,/paired_same_schedule/c1_rank1/deep_fno/discrete,dfd77097a59dbc0b5af3b7dc1f57073fc459c9ddc98aec45db9da92b4a0124f6
roadmap,c1_rank1,deep_fno,continuum,DESCRIPTIVE_PAIRED_MEASUREMENTS,720,720,297,167,0.9998340314540266,0.5478025166221847,0,comparator / candidate; >1 favors candidate for lower RMS and lower latency,"same parent, grid, schedule and spatial target; paired neural seed; classical controls reused across neural seeds; .27 and .81 horizons pooled only after same-schedule pairing","paired_rows/finite_pairs are repeated endpoint observations, not independent fields; discrete 24 independent field clusters; continuum 12","strict candidate RMS<control RMS; strict max<control max; accuracy_and_speed requires strict RMS,max,and cost wins together; no tolerance feasibility filter",results/roadmap-full-review/neural-review.json,/paired_same_schedule/c1_rank1/deep_fno/continuum,dfd77097a59dbc0b5af3b7dc1f57073fc459c9ddc98aec45db9da92b4a0124f6
roadmap,c1_rank1,direct_fno,discrete,DESCRIPTIVE_PAIRED_MEASUREMENTS,1440,1440,1440,1440,38913.373559739994,0.4138129463900728,0,comparator / candidate; >1 favors candidate for lower RMS and lower latency,"same parent, grid, schedule and spatial target; paired neural seed; classical controls reused across neural seeds; .27 and .81 horizons pooled only after same-schedule pairing","paired_rows/finite_pairs are repeated endpoint observations, not independent fields; discrete 24 independent field clusters; continuum 12","strict candidate RMS<control RMS; strict max<control max; accuracy_and_speed requires strict RMS,max,and cost wins together; no tolerance feasibility filter",results/roadmap-full-review/neural-review.json,/paired_same_schedule/c1_rank1/direct_fno/discrete,dfd77097a59dbc0b5af3b7dc1f57073fc459c9ddc98aec45db9da92b4a0124f6
roadmap,c1_rank1,direct_fno,continuum,DESCRIPTIVE_PAIRED_MEASUREMENTS,720,720,720,720,1104.9350452513447,0.41404766815621663,0,comparator / candidate; >1 favors candidate for lower RMS and lower latency,"same parent, grid, schedule and spatial target; paired neural seed; classical controls reused across neural seeds; .27 and .81 horizons pooled only after same-schedule pairing","paired_rows/finite_pairs are repeated endpoint observations, not independent fields; discrete 24 independent field clusters; continuum 12","strict candidate RMS<control RMS; strict max<control max; accuracy_and_speed requires strict RMS,max,and cost wins together; no tolerance feasibility filter",results/roadmap-full-review/neural-review.json,/paired_same_schedule/c1_rank1/direct_fno/continuum,dfd77097a59dbc0b5af3b7dc1f57073fc459c9ddc98aec45db9da92b4a0124f6
roadmap,c1_rank1,df_base,discrete,DESCRIPTIVE_PAIRED_MEASUREMENTS,1440,1440,1329,1310,6.716972497543108,0.09027350239644821,0,comparator / candidate; >1 favors candidate for lower RMS and lower latency,"same parent, grid, schedule and spatial target; paired neural seed; classical controls reused across neural seeds; .27 and .81 horizons pooled only after same-schedule pairing","paired_rows/finite_pairs are repeated endpoint observations, not independent fields; discrete 24 independent field clusters; continuum 12","strict candidate RMS<control RMS; strict max<control max; accuracy_and_speed requires strict RMS,max,and cost wins together; no tolerance feasibility filter",results/roadmap-full-review/neural-review.json,/paired_same_schedule/c1_rank1/df_base/discrete,dfd77097a59dbc0b5af3b7dc1f57073fc459c9ddc98aec45db9da92b4a0124f6
roadmap,c1_rank1,df_base,continuum,DESCRIPTIVE_PAIRED_MEASUREMENTS,720,720,390,193,1.0003512736662823,0.09039538599814084,0,comparator / candidate; >1 favors candidate for lower RMS and lower latency,"same parent, grid, schedule and spatial target; paired neural seed; classical controls reused across neural seeds; .27 and .81 horizons pooled only after same-schedule pairing","paired_rows/finite_pairs are repeated endpoint observations, not independent fields; discrete 24 independent field clusters; continuum 12","strict candidate RMS<control RMS; strict max<control max; accuracy_and_speed requires strict RMS,max,and cost wins together; no tolerance feasibility filter",results/roadmap-full-review/neural-review.json,/paired_same_schedule/c1_rank1/df_base/continuum,dfd77097a59dbc0b5af3b7dc1f57073fc459c9ddc98aec45db9da92b4a0124f6
roadmap,c1_rank1,df_quad2,discrete,DESCRIPTIVE_PAIRED_MEASUREMENTS,1440,1440,478,470,1.0,0.4268436915236544,0,comparator / candidate; >1 favors candidate for lower RMS and lower latency,"same parent, grid, schedule and spatial target; paired neural seed; classical controls reused across neural seeds; .27 and .81 horizons pooled only after same-schedule pairing","paired_rows/finite_pairs are repeated endpoint observations, not independent fields; discrete 24 independent field clusters; continuum 12","strict candidate RMS<control RMS; strict max<control max; accuracy_and_speed requires strict RMS,max,and cost wins together; no tolerance feasibility filter",results/roadmap-full-review/neural-review.json,/paired_same_schedule/c1_rank1/df_quad2/discrete,dfd77097a59dbc0b5af3b7dc1f57073fc459c9ddc98aec45db9da92b4a0124f6
roadmap,c1_rank1,df_quad2,continuum,DESCRIPTIVE_PAIRED_MEASUREMENTS,720,720,156,144,1.0,0.4270659850478465,0,comparator / candidate; >1 favors candidate for lower RMS and lower latency,"same parent, grid, schedule and spatial target; paired neural seed; classical controls reused across neural seeds; .27 and .81 horizons pooled only after same-schedule pairing","paired_rows/finite_pairs are repeated endpoint observations, not independent fields; discrete 24 independent field clusters; continuum 12","strict candidate RMS<control RMS; strict max<control max; accuracy_and_speed requires strict RMS,max,and cost wins together; no tolerance feasibility filter",results/roadmap-full-review/neural-review.json,/paired_same_schedule/c1_rank1/df_quad2/continuum,dfd77097a59dbc0b5af3b7dc1f57073fc459c9ddc98aec45db9da92b4a0124f6
roadmap,c1_rank1,rf_base,discrete,DESCRIPTIVE_PAIRED_MEASUREMENTS,1440,1440,1408,1346,13.100486615360694,0.09969275067347731,0,comparator / candidate; >1 favors candidate for lower RMS and lower latency,"same parent, grid, schedule and spatial target; paired neural seed; classical controls reused across neural seeds; .27 and .81 horizons pooled only after same-schedule pairing","paired_rows/finite_pairs are repeated endpoint observations, not independent fields; discrete 24 independent field clusters; continuum 12","strict candidate RMS<control RMS; strict max<control max; accuracy_and_speed requires strict RMS,max,and cost wins together; no tolerance feasibility filter",results/roadmap-full-review/neural-review.json,/paired_same_schedule/c1_rank1/rf_base/discrete,dfd77097a59dbc0b5af3b7dc1f57073fc459c9ddc98aec45db9da92b4a0124f6
roadmap,c1_rank1,rf_base,continuum,DESCRIPTIVE_PAIRED_MEASUREMENTS,720,720,612,720,1.103228991719523,0.09970949368862347,0,comparator / candidate; >1 favors candidate for lower RMS and lower latency,"same parent, grid, schedule and spatial target; paired neural seed; classical controls reused across neural seeds; .27 and .81 horizons pooled only after same-schedule pairing","paired_rows/finite_pairs are repeated endpoint observations, not independent fields; discrete 24 independent field clusters; continuum 12","strict candidate RMS<control RMS; strict max<control max; accuracy_and_speed requires strict RMS,max,and cost wins together; no tolerance feasibility filter",results/roadmap-full-review/neural-review.json,/paired_same_schedule/c1_rank1/rf_base/continuum,dfd77097a59dbc0b5af3b7dc1f57073fc459c9ddc98aec45db9da92b4a0124f6
roadmap,c1_rank1,etdrk4,discrete,DESCRIPTIVE_PAIRED_MEASUREMENTS,1440,1440,1294,1251,9.951984948698911,0.1519067714991895,0,comparator / candidate; >1 favors candidate for lower RMS and lower latency,"same parent, grid, schedule and spatial target; paired neural seed; classical controls reused across neural seeds; .27 and .81 horizons pooled only after same-schedule pairing","paired_rows/finite_pairs are repeated endpoint observations, not independent fields; discrete 24 independent field clusters; continuum 12","strict candidate RMS<control RMS; strict max<control max; accuracy_and_speed requires strict RMS,max,and cost wins together; no tolerance feasibility filter",results/roadmap-full-review/neural-review.json,/paired_same_schedule/c1_rank1/etdrk4/discrete,dfd77097a59dbc0b5af3b7dc1f57073fc459c9ddc98aec45db9da92b4a0124f6
roadmap,c1_rank1,etdrk4,continuum,DESCRIPTIVE_PAIRED_MEASUREMENTS,720,720,609,656,1.1116981455892156,0.15164029817718266,0,comparator / candidate; >1 favors candidate for lower RMS and lower latency,"same parent, grid, schedule and spatial target; paired neural seed; classical controls reused across neural seeds; .27 and .81 horizons pooled only after same-schedule pairing","paired_rows/finite_pairs are repeated endpoint observations, not independent fields; discrete 24 independent field clusters; continuum 12","strict candidate RMS<control RMS; strict max<control max; accuracy_and_speed requires strict RMS,max,and cost wins together; no tolerance feasibility filter",results/roadmap-full-review/neural-review.json,/paired_same_schedule/c1_rank1/etdrk4/continuum,dfd77097a59dbc0b5af3b7dc1f57073fc459c9ddc98aec45db9da92b4a0124f6
roadmap,c1_rank1,gl3_fused,discrete,DESCRIPTIVE_PAIRED_MEASUREMENTS,1440,1440,388,391,0.6335556124739401,0.32257368011988363,0,comparator / candidate; >1 favors candidate for lower RMS and lower latency,"same parent, grid, schedule and spatial target; paired neural seed; classical controls reused across neural seeds; .27 and .81 horizons pooled only after same-schedule pairing","paired_rows/finite_pairs are repeated endpoint observations, not independent fields; discrete 24 independent field clusters; continuum 12","strict candidate RMS<control RMS; strict max<control max; accuracy_and_speed requires strict RMS,max,and cost wins together; no tolerance feasibility filter",results/roadmap-full-review/neural-review.json,/paired_same_schedule/c1_rank1/gl3_fused/discrete,dfd77097a59dbc0b5af3b7dc1f57073fc459c9ddc98aec45db9da92b4a0124f6
roadmap,c1_rank1,gl3_fused,continuum,DESCRIPTIVE_PAIRED_MEASUREMENTS,720,720,429,570,1.000049363037788,0.32259056929320196,0,comparator / candidate; >1 favors candidate for lower RMS and lower latency,"same parent, grid, schedule and spatial target; paired neural seed; classical controls reused across neural seeds; .27 and .81 horizons pooled only after same-schedule pairing","paired_rows/finite_pairs are repeated endpoint observations, not independent fields; discrete 24 independent field clusters; continuum 12","strict candidate RMS<control RMS; strict max<control max; accuracy_and_speed requires strict RMS,max,and cost wins together; no tolerance feasibility filter",results/roadmap-full-review/neural-review.json,/paired_same_schedule/c1_rank1/gl3_fused/continuum,dfd77097a59dbc0b5af3b7dc1f57073fc459c9ddc98aec45db9da92b4a0124f6
roadmap,source_postcompression,source,discrete,DESCRIPTIVE_PAIRED_MEASUREMENTS,1440,1440,430,568,0.9978538144132212,0.8964535724899582,5,comparator / candidate; >1 favors candidate for lower RMS and lower latency,"same parent, grid, schedule and spatial target; paired neural seed; classical controls reused across neural seeds; .27 and .81 horizons pooled only after same-schedule pairing","paired_rows/finite_pairs are repeated endpoint observations, not independent fields; discrete 24 independent field clusters; continuum 12","strict candidate RMS<control RMS; strict max<control max; accuracy_and_speed requires strict RMS,max,and cost wins together; no tolerance feasibility filter",results/roadmap-full-review/neural-review.json,/paired_same_schedule/source_postcompression/source/discrete,dfd77097a59dbc0b5af3b7dc1f57073fc459c9ddc98aec45db9da92b4a0124f6
roadmap,source_postcompression,source,continuum,DESCRIPTIVE_PAIRED_MEASUREMENTS,720,720,288,164,1.0,0.8969725861445694,4,comparator / candidate; >1 favors candidate for lower RMS and lower latency,"same parent, grid, schedule and spatial target; paired neural seed; classical controls reused across neural seeds; .27 and .81 horizons pooled only after same-schedule pairing","paired_rows/finite_pairs are repeated endpoint observations, not independent fields; discrete 24 independent field clusters; continuum 12","strict candidate RMS<control RMS; strict max<control max; accuracy_and_speed requires strict RMS,max,and cost wins together; no tolerance feasibility filter",results/roadmap-full-review/neural-review.json,/paired_same_schedule/source_postcompression/source/continuum,dfd77097a59dbc0b5af3b7dc1f57073fc459c9ddc98aec45db9da92b4a0124f6
roadmap,source_postcompression,cheap_fno,discrete,DESCRIPTIVE_PAIRED_MEASUREMENTS,1440,1440,354,497,1.0,0.9188537809030521,10,comparator / candidate; >1 favors candidate for lower RMS and lower latency,"same parent, grid, schedule and spatial target; paired neural seed; classical controls reused across neural seeds; .27 and .81 horizons pooled only after same-schedule pairing","paired_rows/finite_pairs are repeated endpoint observations, not independent fields; discrete 24 independent field clusters; continuum 12","strict candidate RMS<control RMS; strict max<control max; accuracy_and_speed requires strict RMS,max,and cost wins together; no tolerance feasibility filter",results/roadmap-full-review/neural-review.json,/paired_same_schedule/source_postcompression/cheap_fno/discrete,dfd77097a59dbc0b5af3b7dc1f57073fc459c9ddc98aec45db9da92b4a0124f6
roadmap,source_postcompression,cheap_fno,continuum,DESCRIPTIVE_PAIRED_MEASUREMENTS,720,720,177,59,1.0,0.9192154124507627,2,comparator / candidate; >1 favors candidate for lower RMS and lower latency,"same parent, grid, schedule and spatial target; paired neural seed; classical controls reused across neural seeds; .27 and .81 horizons pooled only after same-schedule pairing","paired_rows/finite_pairs are repeated endpoint observations, not independent fields; discrete 24 independent field clusters; continuum 12","strict candidate RMS<control RMS; strict max<control max; accuracy_and_speed requires strict RMS,max,and cost wins together; no tolerance feasibility filter",results/roadmap-full-review/neural-review.json,/paired_same_schedule/source_postcompression/cheap_fno/continuum,dfd77097a59dbc0b5af3b7dc1f57073fc459c9ddc98aec45db9da92b4a0124f6
roadmap,source_postcompression,deep_fno,discrete,DESCRIPTIVE_PAIRED_MEASUREMENTS,1440,1440,461,613,0.996096706999906,1.7082944147801464,362,comparator / candidate; >1 favors candidate for lower RMS and lower latency,"same parent, grid, schedule and spatial target; paired neural seed; classical controls reused across neural seeds; .27 and .81 horizons pooled only after same-schedule pairing","paired_rows/finite_pairs are repeated endpoint observations, not independent fields; discrete 24 independent field clusters; continuum 12","strict candidate RMS<control RMS; strict max<control max; accuracy_and_speed requires strict RMS,max,and cost wins together; no tolerance feasibility filter",results/roadmap-full-review/neural-review.json,/paired_same_schedule/source_postcompression/deep_fno/discrete,dfd77097a59dbc0b5af3b7dc1f57073fc459c9ddc98aec45db9da92b4a0124f6
roadmap,source_postcompression,deep_fno,continuum,DESCRIPTIVE_PAIRED_MEASUREMENTS,720,720,289,146,0.9999994552482655,1.7087539970042236,123,comparator / candidate; >1 favors candidate for lower RMS and lower latency,"same parent, grid, schedule and spatial target; paired neural seed; classical controls reused across neural seeds; .27 and .81 horizons pooled only after same-schedule pairing","paired_rows/finite_pairs are repeated endpoint observations, not independent fields; discrete 24 independent field clusters; continuum 12","strict candidate RMS<control RMS; strict max<control max; accuracy_and_speed requires strict RMS,max,and cost wins together; no tolerance feasibility filter",results/roadmap-full-review/neural-review.json,/paired_same_schedule/source_postcompression/deep_fno/continuum,dfd77097a59dbc0b5af3b7dc1f57073fc459c9ddc98aec45db9da92b4a0124f6
roadmap,source_postcompression,direct_fno,discrete,DESCRIPTIVE_PAIRED_MEASUREMENTS,1440,1440,1440,1440,2939.3477573861946,1.291011704489174,1438,comparator / candidate; >1 favors candidate for lower RMS and lower latency,"same parent, grid, schedule and spatial target; paired neural seed; classical controls reused across neural seeds; .27 and .81 horizons pooled only after same-schedule pairing","paired_rows/finite_pairs are repeated endpoint observations, not independent fields; discrete 24 independent field clusters; continuum 12","strict candidate RMS<control RMS; strict max<control max; accuracy_and_speed requires strict RMS,max,and cost wins together; no tolerance feasibility filter",results/roadmap-full-review/neural-review.json,/paired_same_schedule/source_postcompression/direct_fno/discrete,dfd77097a59dbc0b5af3b7dc1f57073fc459c9ddc98aec45db9da92b4a0124f6
roadmap,source_postcompression,direct_fno,continuum,DESCRIPTIVE_PAIRED_MEASUREMENTS,720,720,720,720,959.9590595521374,1.2915302945336404,718,comparator / candidate; >1 favors candidate for lower RMS and lower latency,"same parent, grid, schedule and spatial target; paired neural seed; classical controls reused across neural seeds; .27 and .81 horizons pooled only after same-schedule pairing","paired_rows/finite_pairs are repeated endpoint observations, not independent fields; discrete 24 independent field clusters; continuum 12","strict candidate RMS<control RMS; strict max<control max; accuracy_and_speed requires strict RMS,max,and cost wins together; no tolerance feasibility filter",results/roadmap-full-review/neural-review.json,/paired_same_schedule/source_postcompression/direct_fno/continuum,dfd77097a59dbc0b5af3b7dc1f57073fc459c9ddc98aec45db9da92b4a0124f6
roadmap,source_postcompression,df_base,discrete,DESCRIPTIVE_PAIRED_MEASUREMENTS,1440,1440,517,581,0.9999917672828064,0.2813521001599113,0,comparator / candidate; >1 favors candidate for lower RMS and lower latency,"same parent, grid, schedule and spatial target; paired neural seed; classical controls reused across neural seeds; .27 and .81 horizons pooled only after same-schedule pairing","paired_rows/finite_pairs are repeated endpoint observations, not independent fields; discrete 24 independent field clusters; continuum 12","strict candidate RMS<control RMS; strict max<control max; accuracy_and_speed requires strict RMS,max,and cost wins together; no tolerance feasibility filter",results/roadmap-full-review/neural-review.json,/paired_same_schedule/source_postcompression/df_base/discrete,dfd77097a59dbc0b5af3b7dc1f57073fc459c9ddc98aec45db9da92b4a0124f6
roadmap,source_postcompression,df_base,continuum,DESCRIPTIVE_PAIRED_MEASUREMENTS,720,720,390,183,1.0000010632754261,0.2814222785842133,0,comparator / candidate; >1 favors candidate for lower RMS and lower latency,"same parent, grid, schedule and spatial target; paired neural seed; classical controls reused across neural seeds; .27 and .81 horizons pooled only after same-schedule pairing","paired_rows/finite_pairs are repeated endpoint observations, not independent fields; discrete 24 independent field clusters; continuum 12","strict candidate RMS<control RMS; strict max<control max; accuracy_and_speed requires strict RMS,max,and cost wins together; no tolerance feasibility filter",results/roadmap-full-review/neural-review.json,/paired_same_schedule/source_postcompression/df_base/continuum,dfd77097a59dbc0b5af3b7dc1f57073fc459c9ddc98aec45db9da92b4a0124f6
roadmap,source_postcompression,df_quad2,discrete,DESCRIPTIVE_PAIRED_MEASUREMENTS,1440,1440,42,47,0.1290566667316726,1.3314203214043487,18,comparator / candidate; >1 favors candidate for lower RMS and lower latency,"same parent, grid, schedule and spatial target; paired neural seed; classical controls reused across neural seeds; .27 and .81 horizons pooled only after same-schedule pairing","paired_rows/finite_pairs are repeated endpoint observations, not independent fields; discrete 24 independent field clusters; continuum 12","strict candidate RMS<control RMS; strict max<control max; accuracy_and_speed requires strict RMS,max,and cost wins together; no tolerance feasibility filter",results/roadmap-full-review/neural-review.json,/paired_same_schedule/source_postcompression/df_quad2/discrete,dfd77097a59dbc0b5af3b7dc1f57073fc459c9ddc98aec45db9da92b4a0124f6
roadmap,source_postcompression,df_quad2,continuum,DESCRIPTIVE_PAIRED_MEASUREMENTS,720,720,393,439,1.000117888396331,1.331953730722938,360,comparator / candidate; >1 favors candidate for lower RMS and lower latency,"same parent, grid, schedule and spatial target; paired neural seed; classical controls reused across neural seeds; .27 and .81 horizons pooled only after same-schedule pairing","paired_rows/finite_pairs are repeated endpoint observations, not independent fields; discrete 24 independent field clusters; continuum 12","strict candidate RMS<control RMS; strict max<control max; accuracy_and_speed requires strict RMS,max,and cost wins together; no tolerance feasibility filter",results/roadmap-full-review/neural-review.json,/paired_same_schedule/source_postcompression/df_quad2/continuum,dfd77097a59dbc0b5af3b7dc1f57073fc459c9ddc98aec45db9da92b4a0124f6
roadmap,source_postcompression,rf_base,discrete,DESCRIPTIVE_PAIRED_MEASUREMENTS,1440,1440,1111,1115,1.93178928390512,0.3110142101662776,0,comparator / candidate; >1 favors candidate for lower RMS and lower latency,"same parent, grid, schedule and spatial target; paired neural seed; classical controls reused across neural seeds; .27 and .81 horizons pooled only after same-schedule pairing","paired_rows/finite_pairs are repeated endpoint observations, not independent fields; discrete 24 independent field clusters; continuum 12","strict candidate RMS<control RMS; strict max<control max; accuracy_and_speed requires strict RMS,max,and cost wins together; no tolerance feasibility filter",results/roadmap-full-review/neural-review.json,/paired_same_schedule/source_postcompression/rf_base/discrete,dfd77097a59dbc0b5af3b7dc1f57073fc459c9ddc98aec45db9da92b4a0124f6
roadmap,source_postcompression,rf_base,continuum,DESCRIPTIVE_PAIRED_MEASUREMENTS,720,720,609,712,1.0295906714989842,0.31097000246946943,0,comparator / candidate; >1 favors candidate for lower RMS and lower latency,"same parent, grid, schedule and spatial target; paired neural seed; classical controls reused across neural seeds; .27 and .81 horizons pooled only after same-schedule pairing","paired_rows/finite_pairs are repeated endpoint observations, not independent fields; discrete 24 independent field clusters; continuum 12","strict candidate RMS<control RMS; strict max<control max; accuracy_and_speed requires strict RMS,max,and cost wins together; no tolerance feasibility filter",results/roadmap-full-review/neural-review.json,/paired_same_schedule/source_postcompression/rf_base/continuum,dfd77097a59dbc0b5af3b7dc1f57073fc459c9ddc98aec45db9da92b4a0124f6
roadmap,source_postcompression,etdrk4,discrete,DESCRIPTIVE_PAIRED_MEASUREMENTS,1440,1440,897,874,2.7660326089333305,0.47367909852442464,0,comparator / candidate; >1 favors candidate for lower RMS and lower latency,"same parent, grid, schedule and spatial target; paired neural seed; classical controls reused across neural seeds; .27 and .81 horizons pooled only after same-schedule pairing","paired_rows/finite_pairs are repeated endpoint observations, not independent fields; discrete 24 independent field clusters; continuum 12","strict candidate RMS<control RMS; strict max<control max; accuracy_and_speed requires strict RMS,max,and cost wins together; no tolerance feasibility filter",results/roadmap-full-review/neural-review.json,/paired_same_schedule/source_postcompression/etdrk4/discrete,dfd77097a59dbc0b5af3b7dc1f57073fc459c9ddc98aec45db9da92b4a0124f6
roadmap,source_postcompression,etdrk4,continuum,DESCRIPTIVE_PAIRED_MEASUREMENTS,720,720,666,703,1.1805089080836428,0.4726388146841436,0,comparator / candidate; >1 favors candidate for lower RMS and lower latency,"same parent, grid, schedule and spatial target; paired neural seed; classical controls reused across neural seeds; .27 and .81 horizons pooled only after same-schedule pairing","paired_rows/finite_pairs are repeated endpoint observations, not independent fields; discrete 24 independent field clusters; continuum 12","strict candidate RMS<control RMS; strict max<control max; accuracy_and_speed requires strict RMS,max,and cost wins together; no tolerance feasibility filter",results/roadmap-full-review/neural-review.json,/paired_same_schedule/source_postcompression/etdrk4/continuum,dfd77097a59dbc0b5af3b7dc1f57073fc459c9ddc98aec45db9da92b4a0124f6
roadmap,source_postcompression,gl3_fused,discrete,DESCRIPTIVE_PAIRED_MEASUREMENTS,1440,1440,81,62,0.07657119229927575,1.0057043344953724,35,comparator / candidate; >1 favors candidate for lower RMS and lower latency,"same parent, grid, schedule and spatial target; paired neural seed; classical controls reused across neural seeds; .27 and .81 horizons pooled only after same-schedule pairing","paired_rows/finite_pairs are repeated endpoint observations, not independent fields; discrete 24 independent field clusters; continuum 12","strict candidate RMS<control RMS; strict max<control max; accuracy_and_speed requires strict RMS,max,and cost wins together; no tolerance feasibility filter",results/roadmap-full-review/neural-review.json,/paired_same_schedule/source_postcompression/gl3_fused/discrete,dfd77097a59dbc0b5af3b7dc1f57073fc459c9ddc98aec45db9da92b4a0124f6
roadmap,source_postcompression,gl3_fused,continuum,DESCRIPTIVE_PAIRED_MEASUREMENTS,720,720,309,502,0.9975467664050028,1.005531199096877,208,comparator / candidate; >1 favors candidate for lower RMS and lower latency,"same parent, grid, schedule and spatial target; paired neural seed; classical controls reused across neural seeds; .27 and .81 horizons pooled only after same-schedule pairing","paired_rows/finite_pairs are repeated endpoint observations, not independent fields; discrete 24 independent field clusters; continuum 12","strict candidate RMS<control RMS; strict max<control max; accuracy_and_speed requires strict RMS,max,and cost wins together; no tolerance feasibility filter",results/roadmap-full-review/neural-review.json,/paired_same_schedule/source_postcompression/gl3_fused/continuum,dfd77097a59dbc0b5af3b7dc1f57073fc459c9ddc98aec45db9da92b4a0124f6
roadmap,source_df_loss_shared,source,discrete,DESCRIPTIVE_PAIRED_MEASUREMENTS,1440,1440,637,547,1.0,0.9997786987196564,200,comparator / candidate; >1 favors candidate for lower RMS and lower latency,"same parent, grid, schedule and spatial target; paired neural seed; classical controls reused across neural seeds; .27 and .81 horizons pooled only after same-schedule pairing","paired_rows/finite_pairs are repeated endpoint observations, not independent fields; discrete 24 independent field clusters; continuum 12","strict candidate RMS<control RMS; strict max<control max; accuracy_and_speed requires strict RMS,max,and cost wins together; no tolerance feasibility filter",results/roadmap-full-review/neural-review.json,/paired_same_schedule/source_df_loss_shared/source/discrete,dfd77097a59dbc0b5af3b7dc1f57073fc459c9ddc98aec45db9da92b4a0124f6
roadmap,source_df_loss_shared,source,continuum,DESCRIPTIVE_PAIRED_MEASUREMENTS,720,720,247,236,0.9999999444253667,1.0003277255170153,82,comparator / candidate; >1 favors candidate for lower RMS and lower latency,"same parent, grid, schedule and spatial target; paired neural seed; classical controls reused across neural seeds; .27 and .81 horizons pooled only after same-schedule pairing","paired_rows/finite_pairs are repeated endpoint observations, not independent fields; discrete 24 independent field clusters; continuum 12","strict candidate RMS<control RMS; strict max<control max; accuracy_and_speed requires strict RMS,max,and cost wins together; no tolerance feasibility filter",results/roadmap-full-review/neural-review.json,/paired_same_schedule/source_df_loss_shared/source/continuum,dfd77097a59dbc0b5af3b7dc1f57073fc459c9ddc98aec45db9da92b4a0124f6
roadmap,source_df_loss_shared,source_postcompression,discrete,DESCRIPTIVE_PAIRED_MEASUREMENTS,1440,1440,816,665,1.0026302426971354,1.1157334648436794,555,comparator / candidate; >1 favors candidate for lower RMS and lower latency,"same parent, grid, schedule and spatial target; paired neural seed; classical controls reused across neural seeds; .27 and .81 horizons pooled only after same-schedule pairing","paired_rows/finite_pairs are repeated endpoint observations, not independent fields; discrete 24 independent field clusters; continuum 12","strict candidate RMS<control RMS; strict max<control max; accuracy_and_speed requires strict RMS,max,and cost wins together; no tolerance feasibility filter",results/roadmap-full-review/neural-review.json,/paired_same_schedule/source_df_loss_shared/source_postcompression/discrete,dfd77097a59dbc0b5af3b7dc1f57073fc459c9ddc98aec45db9da92b4a0124f6
roadmap,source_df_loss_shared,source_postcompression,continuum,DESCRIPTIVE_PAIRED_MEASUREMENTS,720,720,324,424,1.0,1.1156903994544227,289,comparator / candidate; >1 favors candidate for lower RMS and lower latency,"same parent, grid, schedule and spatial target; paired neural seed; classical controls reused across neural seeds; .27 and .81 horizons pooled only after same-schedule pairing","paired_rows/finite_pairs are repeated endpoint observations, not independent fields; discrete 24 independent field clusters; continuum 12","strict candidate RMS<control RMS; strict max<control max; accuracy_and_speed requires strict RMS,max,and cost wins together; no tolerance feasibility filter",results/roadmap-full-review/neural-review.json,/paired_same_schedule/source_df_loss_shared/source_postcompression/continuum,dfd77097a59dbc0b5af3b7dc1f57073fc459c9ddc98aec45db9da92b4a0124f6
roadmap,source_df_loss_shared,cheap_fno,discrete,DESCRIPTIVE_PAIRED_MEASUREMENTS,1440,1440,814,688,1.0011019324049557,1.0247500701069412,553,comparator / candidate; >1 favors candidate for lower RMS and lower latency,"same parent, grid, schedule and spatial target; paired neural seed; classical controls reused across neural seeds; .27 and .81 horizons pooled only after same-schedule pairing","paired_rows/finite_pairs are repeated endpoint observations, not independent fields; discrete 24 independent field clusters; continuum 12","strict candidate RMS<control RMS; strict max<control max; accuracy_and_speed requires strict RMS,max,and cost wins together; no tolerance feasibility filter",results/roadmap-full-review/neural-review.json,/paired_same_schedule/source_df_loss_shared/cheap_fno/discrete,dfd77097a59dbc0b5af3b7dc1f57073fc459c9ddc98aec45db9da92b4a0124f6
roadmap,source_df_loss_shared,cheap_fno,continuum,DESCRIPTIVE_PAIRED_MEASUREMENTS,720,720,323,210,1.0,1.0247500701069412,162,comparator / candidate; >1 favors candidate for lower RMS and lower latency,"same parent, grid, schedule and spatial target; paired neural seed; classical controls reused across neural seeds; .27 and .81 horizons pooled only after same-schedule pairing","paired_rows/finite_pairs are repeated endpoint observations, not independent fields; discrete 24 independent field clusters; continuum 12","strict candidate RMS<control RMS; strict max<control max; accuracy_and_speed requires strict RMS,max,and cost wins together; no tolerance feasibility filter",results/roadmap-full-review/neural-review.json,/paired_same_schedule/source_df_loss_shared/cheap_fno/continuum,dfd77097a59dbc0b5af3b7dc1f57073fc459c9ddc98aec45db9da92b4a0124f6
roadmap,source_df_loss_shared,deep_fno,discrete,DESCRIPTIVE_PAIRED_MEASUREMENTS,1440,1440,544,535,0.9994156856514842,1.9057354802911615,388,comparator / candidate; >1 favors candidate for lower RMS and lower latency,"same parent, grid, schedule and spatial target; paired neural seed; classical controls reused across neural seeds; .27 and .81 horizons pooled only after same-schedule pairing","paired_rows/finite_pairs are repeated endpoint observations, not independent fields; discrete 24 independent field clusters; continuum 12","strict candidate RMS<control RMS; strict max<control max; accuracy_and_speed requires strict RMS,max,and cost wins together; no tolerance feasibility filter",results/roadmap-full-review/neural-review.json,/paired_same_schedule/source_df_loss_shared/deep_fno/discrete,dfd77097a59dbc0b5af3b7dc1f57073fc459c9ddc98aec45db9da92b4a0124f6
roadmap,source_df_loss_shared,deep_fno,continuum,DESCRIPTIVE_PAIRED_MEASUREMENTS,720,720,281,254,0.9999998420234836,1.9059850086064924,195,comparator / candidate; >1 favors candidate for lower RMS and lower latency,"same parent, grid, schedule and spatial target; paired neural seed; classical controls reused across neural seeds; .27 and .81 horizons pooled only after same-schedule pairing","paired_rows/finite_pairs are repeated endpoint observations, not independent fields; discrete 24 independent field clusters; continuum 12","strict candidate RMS<control RMS; strict max<control max; accuracy_and_speed requires strict RMS,max,and cost wins together; no tolerance feasibility filter",results/roadmap-full-review/neural-review.json,/paired_same_schedule/source_df_loss_shared/deep_fno/continuum,dfd77097a59dbc0b5af3b7dc1f57073fc459c9ddc98aec45db9da92b4a0124f6
roadmap,source_df_loss_shared,direct_fno,discrete,DESCRIPTIVE_PAIRED_MEASUREMENTS,1440,1440,1440,1440,3175.2902549574274,1.4389696042034537,1439,comparator / candidate; >1 favors candidate for lower RMS and lower latency,"same parent, grid, schedule and spatial target; paired neural seed; classical controls reused across neural seeds; .27 and .81 horizons pooled only after same-schedule pairing","paired_rows/finite_pairs are repeated endpoint observations, not independent fields; discrete 24 independent field clusters; continuum 12","strict candidate RMS<control RMS; strict max<control max; accuracy_and_speed requires strict RMS,max,and cost wins together; no tolerance feasibility filter",results/roadmap-full-review/neural-review.json,/paired_same_schedule/source_df_loss_shared/direct_fno/discrete,dfd77097a59dbc0b5af3b7dc1f57073fc459c9ddc98aec45db9da92b4a0124f6
roadmap,source_df_loss_shared,direct_fno,continuum,DESCRIPTIVE_PAIRED_MEASUREMENTS,720,720,720,720,944.5110357327297,1.4389941529708645,719,comparator / candidate; >1 favors candidate for lower RMS and lower latency,"same parent, grid, schedule and spatial target; paired neural seed; classical controls reused across neural seeds; .27 and .81 horizons pooled only after same-schedule pairing","paired_rows/finite_pairs are repeated endpoint observations, not independent fields; discrete 24 independent field clusters; continuum 12","strict candidate RMS<control RMS; strict max<control max; accuracy_and_speed requires strict RMS,max,and cost wins together; no tolerance feasibility filter",results/roadmap-full-review/neural-review.json,/paired_same_schedule/source_df_loss_shared/direct_fno/continuum,dfd77097a59dbc0b5af3b7dc1f57073fc459c9ddc98aec45db9da92b4a0124f6
roadmap,source_df_loss_shared,df_base,discrete,DESCRIPTIVE_PAIRED_MEASUREMENTS,1440,1440,806,697,1.0011172383710756,0.314031625278798,0,comparator / candidate; >1 favors candidate for lower RMS and lower latency,"same parent, grid, schedule and spatial target; paired neural seed; classical controls reused across neural seeds; .27 and .81 horizons pooled only after same-schedule pairing","paired_rows/finite_pairs are repeated endpoint observations, not independent fields; discrete 24 independent field clusters; continuum 12","strict candidate RMS<control RMS; strict max<control max; accuracy_and_speed requires strict RMS,max,and cost wins together; no tolerance feasibility filter",results/roadmap-full-review/neural-review.json,/paired_same_schedule/source_df_loss_shared/df_base/discrete,dfd77097a59dbc0b5af3b7dc1f57073fc459c9ddc98aec45db9da92b4a0124f6
roadmap,source_df_loss_shared,df_base,continuum,DESCRIPTIVE_PAIRED_MEASUREMENTS,720,720,470,333,1.0003603859780101,0.31459993677439907,0,comparator / candidate; >1 favors candidate for lower RMS and lower latency,"same parent, grid, schedule and spatial target; paired neural seed; classical controls reused across neural seeds; .27 and .81 horizons pooled only after same-schedule pairing","paired_rows/finite_pairs are repeated endpoint observations, not independent fields; discrete 24 independent field clusters; continuum 12","strict candidate RMS<control RMS; strict max<control max; accuracy_and_speed requires strict RMS,max,and cost wins together; no tolerance feasibility filter",results/roadmap-full-review/neural-review.json,/paired_same_schedule/source_df_loss_shared/df_base/continuum,dfd77097a59dbc0b5af3b7dc1f57073fc459c9ddc98aec45db9da92b4a0124f6
roadmap,source_df_loss_shared,df_quad2,discrete,DESCRIPTIVE_PAIRED_MEASUREMENTS,1440,1440,20,35,0.12905666672172675,1.4847341436733277,12,comparator / candidate; >1 favors candidate for lower RMS and lower latency,"same parent, grid, schedule and spatial target; paired neural seed; classical controls reused across neural seeds; .27 and .81 horizons pooled only after same-schedule pairing","paired_rows/finite_pairs are repeated endpoint observations, not independent fields; discrete 24 independent field clusters; continuum 12","strict candidate RMS<control RMS; strict max<control max; accuracy_and_speed requires strict RMS,max,and cost wins together; no tolerance feasibility filter",results/roadmap-full-review/neural-review.json,/paired_same_schedule/source_df_loss_shared/df_quad2/discrete,dfd77097a59dbc0b5af3b7dc1f57073fc459c9ddc98aec45db9da92b4a0124f6
roadmap,source_df_loss_shared,df_quad2,continuum,DESCRIPTIVE_PAIRED_MEASUREMENTS,720,720,404,524,1.000151904940153,1.4851556507410697,402,comparator / candidate; >1 favors candidate for lower RMS and lower latency,"same parent, grid, schedule and spatial target; paired neural seed; classical controls reused across neural seeds; .27 and .81 horizons pooled only after same-schedule pairing","paired_rows/finite_pairs are repeated endpoint observations, not independent fields; discrete 24 independent field clusters; continuum 12","strict candidate RMS<control RMS; strict max<control max; accuracy_and_speed requires strict RMS,max,and cost wins together; no tolerance feasibility filter",results/roadmap-full-review/neural-review.json,/paired_same_schedule/source_df_loss_shared/df_quad2/continuum,dfd77097a59dbc0b5af3b7dc1f57073fc459c9ddc98aec45db9da92b4a0124f6
roadmap,source_df_loss_shared,rf_base,discrete,DESCRIPTIVE_PAIRED_MEASUREMENTS,1440,1440,1189,1179,1.9596246226524434,0.346748893130753,0,comparator / candidate; >1 favors candidate for lower RMS and lower latency,"same parent, grid, schedule and spatial target; paired neural seed; classical controls reused across neural seeds; .27 and .81 horizons pooled only after same-schedule pairing","paired_rows/finite_pairs are repeated endpoint observations, not independent fields; discrete 24 independent field clusters; continuum 12","strict candidate RMS<control RMS; strict max<control max; accuracy_and_speed requires strict RMS,max,and cost wins together; no tolerance feasibility filter",results/roadmap-full-review/neural-review.json,/paired_same_schedule/source_df_loss_shared/rf_base/discrete,dfd77097a59dbc0b5af3b7dc1f57073fc459c9ddc98aec45db9da92b4a0124f6
roadmap,source_df_loss_shared,rf_base,continuum,DESCRIPTIVE_PAIRED_MEASUREMENTS,720,720,625,720,1.0899997560979888,0.3468064152699468,0,comparator / candidate; >1 favors candidate for lower RMS and lower latency,"same parent, grid, schedule and spatial target; paired neural seed; classical controls reused across neural seeds; .27 and .81 horizons pooled only after same-schedule pairing","paired_rows/finite_pairs are repeated endpoint observations, not independent fields; discrete 24 independent field clusters; continuum 12","strict candidate RMS<control RMS; strict max<control max; accuracy_and_speed requires strict RMS,max,and cost wins together; no tolerance feasibility filter",results/roadmap-full-review/neural-review.json,/paired_same_schedule/source_df_loss_shared/rf_base/continuum,dfd77097a59dbc0b5af3b7dc1f57073fc459c9ddc98aec45db9da92b4a0124f6
roadmap,source_df_loss_shared,etdrk4,discrete,DESCRIPTIVE_PAIRED_MEASUREMENTS,1440,1440,896,840,2.860275888955397,0.5286599266935325,0,comparator / candidate; >1 favors candidate for lower RMS and lower latency,"same parent, grid, schedule and spatial target; paired neural seed; classical controls reused across neural seeds; .27 and .81 horizons pooled only after same-schedule pairing","paired_rows/finite_pairs are repeated endpoint observations, not independent fields; discrete 24 independent field clusters; continuum 12","strict candidate RMS<control RMS; strict max<control max; accuracy_and_speed requires strict RMS,max,and cost wins together; no tolerance feasibility filter",results/roadmap-full-review/neural-review.json,/paired_same_schedule/source_df_loss_shared/etdrk4/discrete,dfd77097a59dbc0b5af3b7dc1f57073fc459c9ddc98aec45db9da92b4a0124f6
roadmap,source_df_loss_shared,etdrk4,continuum,DESCRIPTIVE_PAIRED_MEASUREMENTS,720,720,655,705,1.1791388595879364,0.5275238636996071,0,comparator / candidate; >1 favors candidate for lower RMS and lower latency,"same parent, grid, schedule and spatial target; paired neural seed; classical controls reused across neural seeds; .27 and .81 horizons pooled only after same-schedule pairing","paired_rows/finite_pairs are repeated endpoint observations, not independent fields; discrete 24 independent field clusters; continuum 12","strict candidate RMS<control RMS; strict max<control max; accuracy_and_speed requires strict RMS,max,and cost wins together; no tolerance feasibility filter",results/roadmap-full-review/neural-review.json,/paired_same_schedule/source_df_loss_shared/etdrk4/continuum,dfd77097a59dbc0b5af3b7dc1f57073fc459c9ddc98aec45db9da92b4a0124f6
roadmap,source_df_loss_shared,gl3_fused,discrete,DESCRIPTIVE_PAIRED_MEASUREMENTS,1440,1440,66,36,0.08687661262986138,1.1219989715664453,33,comparator / candidate; >1 favors candidate for lower RMS and lower latency,"same parent, grid, schedule and spatial target; paired neural seed; classical controls reused across neural seeds; .27 and .81 horizons pooled only after same-schedule pairing","paired_rows/finite_pairs are repeated endpoint observations, not independent fields; discrete 24 independent field clusters; continuum 12","strict candidate RMS<control RMS; strict max<control max; accuracy_and_speed requires strict RMS,max,and cost wins together; no tolerance feasibility filter",results/roadmap-full-review/neural-review.json,/paired_same_schedule/source_df_loss_shared/gl3_fused/discrete,dfd77097a59dbc0b5af3b7dc1f57073fc459c9ddc98aec45db9da92b4a0124f6
roadmap,source_df_loss_shared,gl3_fused,continuum,DESCRIPTIVE_PAIRED_MEASUREMENTS,720,720,312,574,0.9977927974698126,1.1222281217994008,303,comparator / candidate; >1 favors candidate for lower RMS and lower latency,"same parent, grid, schedule and spatial target; paired neural seed; classical controls reused across neural seeds; .27 and .81 horizons pooled only after same-schedule pairing","paired_rows/finite_pairs are repeated endpoint observations, not independent fields; discrete 24 independent field clusters; continuum 12","strict candidate RMS<control RMS; strict max<control max; accuracy_and_speed requires strict RMS,max,and cost wins together; no tolerance feasibility filter",results/roadmap-full-review/neural-review.json,/paired_same_schedule/source_df_loss_shared/gl3_fused/continuum,dfd77097a59dbc0b5af3b7dc1f57073fc459c9ddc98aec45db9da92b4a0124f6
roadmap,c1_rank2,source,discrete,DESCRIPTIVE_PAIRED_MEASUREMENTS,1440,1440,1374,1365,6.720396381193457,0.2414902326116467,0,comparator / candidate; >1 favors candidate for lower RMS and lower latency,"same parent, grid, schedule and spatial target; paired neural seed; classical controls reused across neural seeds; .27 and .81 horizons pooled only after same-schedule pairing","paired_rows/finite_pairs are repeated endpoint observations, not independent fields; discrete 24 independent field clusters; continuum 12","strict candidate RMS<control RMS; strict max<control max; accuracy_and_speed requires strict RMS,max,and cost wins together; no tolerance feasibility filter",results/roadmap-full-review/neural-review.json,/paired_same_schedule/c1_rank2/source/discrete,dfd77097a59dbc0b5af3b7dc1f57073fc459c9ddc98aec45db9da92b4a0124f6
roadmap,c1_rank2,source,continuum,DESCRIPTIVE_PAIRED_MEASUREMENTS,720,720,298,173,0.9998270228957644,0.24181066148778346,0,comparator / candidate; >1 favors candidate for lower RMS and lower latency,"same parent, grid, schedule and spatial target; paired neural seed; classical controls reused across neural seeds; .27 and .81 horizons pooled only after same-schedule pairing","paired_rows/finite_pairs are repeated endpoint observations, not independent fields; discrete 24 independent field clusters; continuum 12","strict candidate RMS<control RMS; strict max<control max; accuracy_and_speed requires strict RMS,max,and cost wins together; no tolerance feasibility filter",results/roadmap-full-review/neural-review.json,/paired_same_schedule/c1_rank2/source/continuum,dfd77097a59dbc0b5af3b7dc1f57073fc459c9ddc98aec45db9da92b4a0124f6
roadmap,c1_rank2,source_postcompression,discrete,DESCRIPTIVE_PAIRED_MEASUREMENTS,1440,1440,1341,1344,7.358839228435147,0.2696675547219751,0,comparator / candidate; >1 favors candidate for lower RMS and lower latency,"same parent, grid, schedule and spatial target; paired neural seed; classical controls reused across neural seeds; .27 and .81 horizons pooled only after same-schedule pairing","paired_rows/finite_pairs are repeated endpoint observations, not independent fields; discrete 24 independent field clusters; continuum 12","strict candidate RMS<control RMS; strict max<control max; accuracy_and_speed requires strict RMS,max,and cost wins together; no tolerance feasibility filter",results/roadmap-full-review/neural-review.json,/paired_same_schedule/c1_rank2/source_postcompression/discrete,dfd77097a59dbc0b5af3b7dc1f57073fc459c9ddc98aec45db9da92b4a0124f6
roadmap,c1_rank2,source_postcompression,continuum,DESCRIPTIVE_PAIRED_MEASUREMENTS,720,720,307,259,0.9998599934808201,0.2695240245795052,0,comparator / candidate; >1 favors candidate for lower RMS and lower latency,"same parent, grid, schedule and spatial target; paired neural seed; classical controls reused across neural seeds; .27 and .81 horizons pooled only after same-schedule pairing","paired_rows/finite_pairs are repeated endpoint observations, not independent fields; discrete 24 independent field clusters; continuum 12","strict candidate RMS<control RMS; strict max<control max; accuracy_and_speed requires strict RMS,max,and cost wins together; no tolerance feasibility filter",results/roadmap-full-review/neural-review.json,/paired_same_schedule/c1_rank2/source_postcompression/continuum,dfd77097a59dbc0b5af3b7dc1f57073fc459c9ddc98aec45db9da92b4a0124f6
roadmap,c1_rank2,cheap_fno,discrete,DESCRIPTIVE_PAIRED_MEASUREMENTS,1440,1440,1363,1352,6.802166001040707,0.2476315584986134,0,comparator / candidate; >1 favors candidate for lower RMS and lower latency,"same parent, grid, schedule and spatial target; paired neural seed; classical controls reused across neural seeds; .27 and .81 horizons pooled only after same-schedule pairing","paired_rows/finite_pairs are repeated endpoint observations, not independent fields; discrete 24 independent field clusters; continuum 12","strict candidate RMS<control RMS; strict max<control max; accuracy_and_speed requires strict RMS,max,and cost wins together; no tolerance feasibility filter",results/roadmap-full-review/neural-review.json,/paired_same_schedule/c1_rank2/cheap_fno/discrete,dfd77097a59dbc0b5af3b7dc1f57073fc459c9ddc98aec45db9da92b4a0124f6
roadmap,c1_rank2,cheap_fno,continuum,DESCRIPTIVE_PAIRED_MEASUREMENTS,720,720,300,165,0.9998284215060963,0.2476620267756115,0,comparator / candidate; >1 favors candidate for lower RMS and lower latency,"same parent, grid, schedule and spatial target; paired neural seed; classical controls reused across neural seeds; .27 and .81 horizons pooled only after same-schedule pairing","paired_rows/finite_pairs are repeated endpoint observations, not independent fields; discrete 24 independent field clusters; continuum 12","strict candidate RMS<control RMS; strict max<control max; accuracy_and_speed requires strict RMS,max,and cost wins together; no tolerance feasibility filter",results/roadmap-full-review/neural-review.json,/paired_same_schedule/c1_rank2/cheap_fno/continuum,dfd77097a59dbc0b5af3b7dc1f57073fc459c9ddc98aec45db9da92b4a0124f6
roadmap,c1_rank2,deep_fno,discrete,DESCRIPTIVE_PAIRED_MEASUREMENTS,1440,1440,1381,1377,6.778825897130826,0.460365670775748,0,comparator / candidate; >1 favors candidate for lower RMS and lower latency,"same parent, grid, schedule and spatial target; paired neural seed; classical controls reused across neural seeds; .27 and .81 horizons pooled only after same-schedule pairing","paired_rows/finite_pairs are repeated endpoint observations, not independent fields; discrete 24 independent field clusters; continuum 12","strict candidate RMS<control RMS; strict max<control max; accuracy_and_speed requires strict RMS,max,and cost wins together; no tolerance feasibility filter",results/roadmap-full-review/neural-review.json,/paired_same_schedule/c1_rank2/deep_fno/discrete,dfd77097a59dbc0b5af3b7dc1f57073fc459c9ddc98aec45db9da92b4a0124f6
roadmap,c1_rank2,deep_fno,continuum,DESCRIPTIVE_PAIRED_MEASUREMENTS,720,720,299,171,0.9998342341621876,0.46077608117203106,0,comparator / candidate; >1 favors candidate for lower RMS and lower latency,"same parent, grid, schedule and spatial target; paired neural seed; classical controls reused across neural seeds; .27 and .81 horizons pooled only after same-schedule pairing","paired_rows/finite_pairs are repeated endpoint observations, not independent fields; discrete 24 independent field clusters; continuum 12","strict candidate RMS<control RMS; strict max<control max; accuracy_and_speed requires strict RMS,max,and cost wins together; no tolerance feasibility filter",results/roadmap-full-review/neural-review.json,/paired_same_schedule/c1_rank2/deep_fno/continuum,dfd77097a59dbc0b5af3b7dc1f57073fc459c9ddc98aec45db9da92b4a0124f6
roadmap,c1_rank2,direct_fno,discrete,DESCRIPTIVE_PAIRED_MEASUREMENTS,1440,1440,1440,1440,39036.0460767551,0.34783670219647667,0,comparator / candidate; >1 favors candidate for lower RMS and lower latency,"same parent, grid, schedule and spatial target; paired neural seed; classical controls reused across neural seeds; .27 and .81 horizons pooled only after same-schedule pairing","paired_rows/finite_pairs are repeated endpoint observations, not independent fields; discrete 24 independent field clusters; continuum 12","strict candidate RMS<control RMS; strict max<control max; accuracy_and_speed requires strict RMS,max,and cost wins together; no tolerance feasibility filter",results/roadmap-full-review/neural-review.json,/paired_same_schedule/c1_rank2/direct_fno/discrete,dfd77097a59dbc0b5af3b7dc1f57073fc459c9ddc98aec45db9da92b4a0124f6
roadmap,c1_rank2,direct_fno,continuum,DESCRIPTIVE_PAIRED_MEASUREMENTS,720,720,720,720,1103.3767397941185,0.3481267873735067,0,comparator / candidate; >1 favors candidate for lower RMS and lower latency,"same parent, grid, schedule and spatial target; paired neural seed; classical controls reused across neural seeds; .27 and .81 horizons pooled only after same-schedule pairing","paired_rows/finite_pairs are repeated endpoint observations, not independent fields; discrete 24 independent field clusters; continuum 12","strict candidate RMS<control RMS; strict max<control max; accuracy_and_speed requires strict RMS,max,and cost wins together; no tolerance feasibility filter",results/roadmap-full-review/neural-review.json,/paired_same_schedule/c1_rank2/direct_fno/continuum,dfd77097a59dbc0b5af3b7dc1f57073fc459c9ddc98aec45db9da92b4a0124f6
roadmap,c1_rank2,df_base,discrete,DESCRIPTIVE_PAIRED_MEASUREMENTS,1440,1440,1328,1315,6.834218628760516,0.07589489068391878,0,comparator / candidate; >1 favors candidate for lower RMS and lower latency,"same parent, grid, schedule and spatial target; paired neural seed; classical controls reused across neural seeds; .27 and .81 horizons pooled only after same-schedule pairing","paired_rows/finite_pairs are repeated endpoint observations, not independent fields; discrete 24 independent field clusters; continuum 12","strict candidate RMS<control RMS; strict max<control max; accuracy_and_speed requires strict RMS,max,and cost wins together; no tolerance feasibility filter",results/roadmap-full-review/neural-review.json,/paired_same_schedule/c1_rank2/df_base/discrete,dfd77097a59dbc0b5af3b7dc1f57073fc459c9ddc98aec45db9da92b4a0124f6
roadmap,c1_rank2,df_base,continuum,DESCRIPTIVE_PAIRED_MEASUREMENTS,720,720,392,195,1.0003893806901383,0.07601697212195895,0,comparator / candidate; >1 favors candidate for lower RMS and lower latency,"same parent, grid, schedule and spatial target; paired neural seed; classical controls reused across neural seeds; .27 and .81 horizons pooled only after same-schedule pairing","paired_rows/finite_pairs are repeated endpoint observations, not independent fields; discrete 24 independent field clusters; continuum 12","strict candidate RMS<control RMS; strict max<control max; accuracy_and_speed requires strict RMS,max,and cost wins together; no tolerance feasibility filter",results/roadmap-full-review/neural-review.json,/paired_same_schedule/c1_rank2/df_base/continuum,dfd77097a59dbc0b5af3b7dc1f57073fc459c9ddc98aec45db9da92b4a0124f6
roadmap,c1_rank2,df_quad2,discrete,DESCRIPTIVE_PAIRED_MEASUREMENTS,1440,1440,495,454,1.0,0.3589512909405499,0,comparator / candidate; >1 favors candidate for lower RMS and lower latency,"same parent, grid, schedule and spatial target; paired neural seed; classical controls reused across neural seeds; .27 and .81 horizons pooled only after same-schedule pairing","paired_rows/finite_pairs are repeated endpoint observations, not independent fields; discrete 24 independent field clusters; continuum 12","strict candidate RMS<control RMS; strict max<control max; accuracy_and_speed requires strict RMS,max,and cost wins together; no tolerance feasibility filter",results/roadmap-full-review/neural-review.json,/paired_same_schedule/c1_rank2/df_quad2/discrete,dfd77097a59dbc0b5af3b7dc1f57073fc459c9ddc98aec45db9da92b4a0124f6
roadmap,c1_rank2,df_quad2,continuum,DESCRIPTIVE_PAIRED_MEASUREMENTS,720,720,163,154,1.0,0.3593831778147939,0,comparator / candidate; >1 favors candidate for lower RMS and lower latency,"same parent, grid, schedule and spatial target; paired neural seed; classical controls reused across neural seeds; .27 and .81 horizons pooled only after same-schedule pairing","paired_rows/finite_pairs are repeated endpoint observations, not independent fields; discrete 24 independent field clusters; continuum 12","strict candidate RMS<control RMS; strict max<control max; accuracy_and_speed requires strict RMS,max,and cost wins together; no tolerance feasibility filter",results/roadmap-full-review/neural-review.json,/paired_same_schedule/c1_rank2/df_quad2/continuum,dfd77097a59dbc0b5af3b7dc1f57073fc459c9ddc98aec45db9da92b4a0124f6
roadmap,c1_rank2,rf_base,discrete,DESCRIPTIVE_PAIRED_MEASUREMENTS,1440,1440,1403,1347,13.088666597204988,0.08386255617558527,0,comparator / candidate; >1 favors candidate for lower RMS and lower latency,"same parent, grid, schedule and spatial target; paired neural seed; classical controls reused across neural seeds; .27 and .81 horizons pooled only after same-schedule pairing","paired_rows/finite_pairs are repeated endpoint observations, not independent fields; discrete 24 independent field clusters; continuum 12","strict candidate RMS<control RMS; strict max<control max; accuracy_and_speed requires strict RMS,max,and cost wins together; no tolerance feasibility filter",results/roadmap-full-review/neural-review.json,/paired_same_schedule/c1_rank2/rf_base/discrete,dfd77097a59dbc0b5af3b7dc1f57073fc459c9ddc98aec45db9da92b4a0124f6
roadmap,c1_rank2,rf_base,continuum,DESCRIPTIVE_PAIRED_MEASUREMENTS,720,720,614,720,1.1028110904639297,0.08384380995411225,0,comparator / candidate; >1 favors candidate for lower RMS and lower latency,"same parent, grid, schedule and spatial target; paired neural seed; classical controls reused across neural seeds; .27 and .81 horizons pooled only after same-schedule pairing","paired_rows/finite_pairs are repeated endpoint observations, not independent fields; discrete 24 independent field clusters; continuum 12","strict candidate RMS<control RMS; strict max<control max; accuracy_and_speed requires strict RMS,max,and cost wins together; no tolerance feasibility filter",results/roadmap-full-review/neural-review.json,/paired_same_schedule/c1_rank2/rf_base/continuum,dfd77097a59dbc0b5af3b7dc1f57073fc459c9ddc98aec45db9da92b4a0124f6
roadmap,c1_rank2,etdrk4,discrete,DESCRIPTIVE_PAIRED_MEASUREMENTS,1440,1440,1293,1252,10.027732308703213,0.12768460446580732,0,comparator / candidate; >1 favors candidate for lower RMS and lower latency,"same parent, grid, schedule and spatial target; paired neural seed; classical controls reused across neural seeds; .27 and .81 horizons pooled only after same-schedule pairing","paired_rows/finite_pairs are repeated endpoint observations, not independent fields; discrete 24 independent field clusters; continuum 12","strict candidate RMS<control RMS; strict max<control max; accuracy_and_speed requires strict RMS,max,and cost wins together; no tolerance feasibility filter",results/roadmap-full-review/neural-review.json,/paired_same_schedule/c1_rank2/etdrk4/discrete,dfd77097a59dbc0b5af3b7dc1f57073fc459c9ddc98aec45db9da92b4a0124f6
roadmap,c1_rank2,etdrk4,continuum,DESCRIPTIVE_PAIRED_MEASUREMENTS,720,720,607,656,1.110861187508899,0.12749897191103604,0,comparator / candidate; >1 favors candidate for lower RMS and lower latency,"same parent, grid, schedule and spatial target; paired neural seed; classical controls reused across neural seeds; .27 and .81 horizons pooled only after same-schedule pairing","paired_rows/finite_pairs are repeated endpoint observations, not independent fields; discrete 24 independent field clusters; continuum 12","strict candidate RMS<control RMS; strict max<control max; accuracy_and_speed requires strict RMS,max,and cost wins together; no tolerance feasibility filter",results/roadmap-full-review/neural-review.json,/paired_same_schedule/c1_rank2/etdrk4/continuum,dfd77097a59dbc0b5af3b7dc1f57073fc459c9ddc98aec45db9da92b4a0124f6
roadmap,c1_rank2,gl3_fused,discrete,DESCRIPTIVE_PAIRED_MEASUREMENTS,1440,1440,402,401,0.6412383005981653,0.27124735342840745,0,comparator / candidate; >1 favors candidate for lower RMS and lower latency,"same parent, grid, schedule and spatial target; paired neural seed; classical controls reused across neural seeds; .27 and .81 horizons pooled only after same-schedule pairing","paired_rows/finite_pairs are repeated endpoint observations, not independent fields; discrete 24 independent field clusters; continuum 12","strict candidate RMS<control RMS; strict max<control max; accuracy_and_speed requires strict RMS,max,and cost wins together; no tolerance feasibility filter",results/roadmap-full-review/neural-review.json,/paired_same_schedule/c1_rank2/gl3_fused/discrete,dfd77097a59dbc0b5af3b7dc1f57073fc459c9ddc98aec45db9da92b4a0124f6
roadmap,c1_rank2,gl3_fused,continuum,DESCRIPTIVE_PAIRED_MEASUREMENTS,720,720,432,577,1.0000554455456625,0.2713061380402759,0,comparator / candidate; >1 favors candidate for lower RMS and lower latency,"same parent, grid, schedule and spatial target; paired neural seed; classical controls reused across neural seeds; .27 and .81 horizons pooled only after same-schedule pairing","paired_rows/finite_pairs are repeated endpoint observations, not independent fields; discrete 24 independent field clusters; continuum 12","strict candidate RMS<control RMS; strict max<control max; accuracy_and_speed requires strict RMS,max,and cost wins together; no tolerance feasibility filter",results/roadmap-full-review/neural-review.json,/paired_same_schedule/c1_rank2/gl3_fused/continuum,dfd77097a59dbc0b5af3b7dc1f57073fc459c9ddc98aec45db9da92b4a0124f6
roadmap,deep_fno,source,discrete,DESCRIPTIVE_PAIRED_MEASUREMENTS,1440,1440,776,722,1.0008005952783752,0.5246922532068915,0,comparator / candidate; >1 favors candidate for lower RMS and lower latency,"same parent, grid, schedule and spatial target; paired neural seed; classical controls reused across neural seeds; .27 and .81 horizons pooled only after same-schedule pairing","paired_rows/finite_pairs are repeated endpoint observations, not independent fields; discrete 24 independent field clusters; continuum 12","strict candidate RMS<control RMS; strict max<control max; accuracy_and_speed requires strict RMS,max,and cost wins together; no tolerance feasibility filter",results/roadmap-full-review/neural-review.json,/paired_same_schedule/deep_fno/source/discrete,dfd77097a59dbc0b5af3b7dc1f57073fc459c9ddc98aec45db9da92b4a0124f6
roadmap,deep_fno,source,continuum,DESCRIPTIVE_PAIRED_MEASUREMENTS,720,720,342,330,1.0,0.5248666124003205,0,comparator / candidate; >1 favors candidate for lower RMS and lower latency,"same parent, grid, schedule and spatial target; paired neural seed; classical controls reused across neural seeds; .27 and .81 horizons pooled only after same-schedule pairing","paired_rows/finite_pairs are repeated endpoint observations, not independent fields; discrete 24 independent field clusters; continuum 12","strict candidate RMS<control RMS; strict max<control max; accuracy_and_speed requires strict RMS,max,and cost wins together; no tolerance feasibility filter",results/roadmap-full-review/neural-review.json,/paired_same_schedule/deep_fno/source/continuum,dfd77097a59dbc0b5af3b7dc1f57073fc459c9ddc98aec45db9da92b4a0124f6
roadmap,deep_fno,source_postcompression,discrete,DESCRIPTIVE_PAIRED_MEASUREMENTS,1440,1440,866,685,1.0039185911204527,0.5853791895294479,0,comparator / candidate; >1 favors candidate for lower RMS and lower latency,"same parent, grid, schedule and spatial target; paired neural seed; classical controls reused across neural seeds; .27 and .81 horizons pooled only after same-schedule pairing","paired_rows/finite_pairs are repeated endpoint observations, not independent fields; discrete 24 independent field clusters; continuum 12","strict candidate RMS<control RMS; strict max<control max; accuracy_and_speed requires strict RMS,max,and cost wins together; no tolerance feasibility filter",results/roadmap-full-review/neural-review.json,/paired_same_schedule/deep_fno/source_postcompression/discrete,dfd77097a59dbc0b5af3b7dc1f57073fc459c9ddc98aec45db9da92b4a0124f6
roadmap,deep_fno,source_postcompression,continuum,DESCRIPTIVE_PAIRED_MEASUREMENTS,720,720,377,494,1.000000544752032,0.5852217474507037,0,comparator / candidate; >1 favors candidate for lower RMS and lower latency,"same parent, grid, schedule and spatial target; paired neural seed; classical controls reused across neural seeds; .27 and .81 horizons pooled only after same-schedule pairing","paired_rows/finite_pairs are repeated endpoint observations, not independent fields; discrete 24 independent field clusters; continuum 12","strict candidate RMS<control RMS; strict max<control max; accuracy_and_speed requires strict RMS,max,and cost wins together; no tolerance feasibility filter",results/roadmap-full-review/neural-review.json,/paired_same_schedule/deep_fno/source_postcompression/continuum,dfd77097a59dbc0b5af3b7dc1f57073fc459c9ddc98aec45db9da92b4a0124f6
roadmap,deep_fno,cheap_fno,discrete,DESCRIPTIVE_PAIRED_MEASUREMENTS,1440,1440,911,724,1.002692324874271,0.5380498177554274,0,comparator / candidate; >1 favors candidate for lower RMS and lower latency,"same parent, grid, schedule and spatial target; paired neural seed; classical controls reused across neural seeds; .27 and .81 horizons pooled only after same-schedule pairing","paired_rows/finite_pairs are repeated endpoint observations, not independent fields; discrete 24 independent field clusters; continuum 12","strict candidate RMS<control RMS; strict max<control max; accuracy_and_speed requires strict RMS,max,and cost wins together; no tolerance feasibility filter",results/roadmap-full-review/neural-review.json,/paired_same_schedule/deep_fno/cheap_fno/discrete,dfd77097a59dbc0b5af3b7dc1f57073fc459c9ddc98aec45db9da92b4a0124f6
roadmap,deep_fno,cheap_fno,continuum,DESCRIPTIVE_PAIRED_MEASUREMENTS,720,720,392,288,1.0000009365916935,0.5378890487972934,0,comparator / candidate; >1 favors candidate for lower RMS and lower latency,"same parent, grid, schedule and spatial target; paired neural seed; classical controls reused across neural seeds; .27 and .81 horizons pooled only after same-schedule pairing","paired_rows/finite_pairs are repeated endpoint observations, not independent fields; discrete 24 independent field clusters; continuum 12","strict candidate RMS<control RMS; strict max<control max; accuracy_and_speed requires strict RMS,max,and cost wins together; no tolerance feasibility filter",results/roadmap-full-review/neural-review.json,/paired_same_schedule/deep_fno/cheap_fno/continuum,dfd77097a59dbc0b5af3b7dc1f57073fc459c9ddc98aec45db9da92b4a0124f6
roadmap,deep_fno,direct_fno,discrete,DESCRIPTIVE_PAIRED_MEASUREMENTS,1440,1440,1440,1440,3175.724637965987,0.7558988403167803,3,comparator / candidate; >1 favors candidate for lower RMS and lower latency,"same parent, grid, schedule and spatial target; paired neural seed; classical controls reused across neural seeds; .27 and .81 horizons pooled only after same-schedule pairing","paired_rows/finite_pairs are repeated endpoint observations, not independent fields; discrete 24 independent field clusters; continuum 12","strict candidate RMS<control RMS; strict max<control max; accuracy_and_speed requires strict RMS,max,and cost wins together; no tolerance feasibility filter",results/roadmap-full-review/neural-review.json,/paired_same_schedule/deep_fno/direct_fno/discrete,dfd77097a59dbc0b5af3b7dc1f57073fc459c9ddc98aec45db9da92b4a0124f6
roadmap,deep_fno,direct_fno,continuum,DESCRIPTIVE_PAIRED_MEASUREMENTS,720,720,720,720,928.6040704218454,0.7556821657255588,2,comparator / candidate; >1 favors candidate for lower RMS and lower latency,"same parent, grid, schedule and spatial target; paired neural seed; classical controls reused across neural seeds; .27 and .81 horizons pooled only after same-schedule pairing","paired_rows/finite_pairs are repeated endpoint observations, not independent fields; discrete 24 independent field clusters; continuum 12","strict candidate RMS<control RMS; strict max<control max; accuracy_and_speed requires strict RMS,max,and cost wins together; no tolerance feasibility filter",results/roadmap-full-review/neural-review.json,/paired_same_schedule/deep_fno/direct_fno/continuum,dfd77097a59dbc0b5af3b7dc1f57073fc459c9ddc98aec45db9da92b4a0124f6
roadmap,deep_fno,df_base,discrete,DESCRIPTIVE_PAIRED_MEASUREMENTS,1440,1440,920,744,1.00384878414392,0.16462469886119863,0,comparator / candidate; >1 favors candidate for lower RMS and lower latency,"same parent, grid, schedule and spatial target; paired neural seed; classical controls reused across neural seeds; .27 and .81 horizons pooled only after same-schedule pairing","paired_rows/finite_pairs are repeated endpoint observations, not independent fields; discrete 24 independent field clusters; continuum 12","strict candidate RMS<control RMS; strict max<control max; accuracy_and_speed requires strict RMS,max,and cost wins together; no tolerance feasibility filter",results/roadmap-full-review/neural-review.json,/paired_same_schedule/deep_fno/df_base/discrete,dfd77097a59dbc0b5af3b7dc1f57073fc459c9ddc98aec45db9da92b4a0124f6
roadmap,deep_fno,df_base,continuum,DESCRIPTIVE_PAIRED_MEASUREMENTS,720,720,540,422,1.000843570262954,0.164842405015383,0,comparator / candidate; >1 favors candidate for lower RMS and lower latency,"same parent, grid, schedule and spatial target; paired neural seed; classical controls reused across neural seeds; .27 and .81 horizons pooled only after same-schedule pairing","paired_rows/finite_pairs are repeated endpoint observations, not independent fields; discrete 24 independent field clusters; continuum 12","strict candidate RMS<control RMS; strict max<control max; accuracy_and_speed requires strict RMS,max,and cost wins together; no tolerance feasibility filter",results/roadmap-full-review/neural-review.json,/paired_same_schedule/deep_fno/df_base/continuum,dfd77097a59dbc0b5af3b7dc1f57073fc459c9ddc98aec45db9da92b4a0124f6
roadmap,deep_fno,df_quad2,discrete,DESCRIPTIVE_PAIRED_MEASUREMENTS,1440,1440,15,34,0.12427916386592394,0.7794494502785364,0,comparator / candidate; >1 favors candidate for lower RMS and lower latency,"same parent, grid, schedule and spatial target; paired neural seed; classical controls reused across neural seeds; .27 and .81 horizons pooled only after same-schedule pairing","paired_rows/finite_pairs are repeated endpoint observations, not independent fields; discrete 24 independent field clusters; continuum 12","strict candidate RMS<control RMS; strict max<control max; accuracy_and_speed requires strict RMS,max,and cost wins together; no tolerance feasibility filter",results/roadmap-full-review/neural-review.json,/paired_same_schedule/deep_fno/df_quad2/discrete,dfd77097a59dbc0b5af3b7dc1f57073fc459c9ddc98aec45db9da92b4a0124f6
roadmap,deep_fno,df_quad2,continuum,DESCRIPTIVE_PAIRED_MEASUREMENTS,720,720,403,530,1.0001381211129738,0.7796710208034098,6,comparator / candidate; >1 favors candidate for lower RMS and lower latency,"same parent, grid, schedule and spatial target; paired neural seed; classical controls reused across neural seeds; .27 and .81 horizons pooled only after same-schedule pairing","paired_rows/finite_pairs are repeated endpoint observations, not independent fields; discrete 24 independent field clusters; continuum 12","strict candidate RMS<control RMS; strict max<control max; accuracy_and_speed requires strict RMS,max,and cost wins together; no tolerance feasibility filter",results/roadmap-full-review/neural-review.json,/paired_same_schedule/deep_fno/df_quad2/continuum,dfd77097a59dbc0b5af3b7dc1f57073fc459c9ddc98aec45db9da92b4a0124f6
roadmap,deep_fno,rf_base,discrete,DESCRIPTIVE_PAIRED_MEASUREMENTS,1440,1440,1176,1179,1.9334866893311504,0.18213263164396792,0,comparator / candidate; >1 favors candidate for lower RMS and lower latency,"same parent, grid, schedule and spatial target; paired neural seed; classical controls reused across neural seeds; .27 and .81 horizons pooled only after same-schedule pairing","paired_rows/finite_pairs are repeated endpoint observations, not independent fields; discrete 24 independent field clusters; continuum 12","strict candidate RMS<control RMS; strict max<control max; accuracy_and_speed requires strict RMS,max,and cost wins together; no tolerance feasibility filter",results/roadmap-full-review/neural-review.json,/paired_same_schedule/deep_fno/rf_base/discrete,dfd77097a59dbc0b5af3b7dc1f57073fc459c9ddc98aec45db9da92b4a0124f6
roadmap,deep_fno,rf_base,continuum,DESCRIPTIVE_PAIRED_MEASUREMENTS,720,720,618,712,1.0650119405553324,0.18203473043896168,0,comparator / candidate; >1 favors candidate for lower RMS and lower latency,"same parent, grid, schedule and spatial target; paired neural seed; classical controls reused across neural seeds; .27 and .81 horizons pooled only after same-schedule pairing","paired_rows/finite_pairs are repeated endpoint observations, not independent fields; discrete 24 independent field clusters; continuum 12","strict candidate RMS<control RMS; strict max<control max; accuracy_and_speed requires strict RMS,max,and cost wins together; no tolerance feasibility filter",results/roadmap-full-review/neural-review.json,/paired_same_schedule/deep_fno/rf_base/continuum,dfd77097a59dbc0b5af3b7dc1f57073fc459c9ddc98aec45db9da92b4a0124f6
roadmap,deep_fno,etdrk4,discrete,DESCRIPTIVE_PAIRED_MEASUREMENTS,1440,1440,895,847,2.83245417297736,0.2775713401404106,0,comparator / candidate; >1 favors candidate for lower RMS and lower latency,"same parent, grid, schedule and spatial target; paired neural seed; classical controls reused across neural seeds; .27 and .81 horizons pooled only after same-schedule pairing","paired_rows/finite_pairs are repeated endpoint observations, not independent fields; discrete 24 independent field clusters; continuum 12","strict candidate RMS<control RMS; strict max<control max; accuracy_and_speed requires strict RMS,max,and cost wins together; no tolerance feasibility filter",results/roadmap-full-review/neural-review.json,/paired_same_schedule/deep_fno/etdrk4/discrete,dfd77097a59dbc0b5af3b7dc1f57073fc459c9ddc98aec45db9da92b4a0124f6
roadmap,deep_fno,etdrk4,continuum,DESCRIPTIVE_PAIRED_MEASUREMENTS,720,720,650,701,1.1739089432819054,0.27697738255733056,0,comparator / candidate; >1 favors candidate for lower RMS and lower latency,"same parent, grid, schedule and spatial target; paired neural seed; classical controls reused across neural seeds; .27 and .81 horizons pooled only after same-schedule pairing","paired_rows/finite_pairs are repeated endpoint observations, not independent fields; discrete 24 independent field clusters; continuum 12","strict candidate RMS<control RMS; strict max<control max; accuracy_and_speed requires strict RMS,max,and cost wins together; no tolerance feasibility filter",results/roadmap-full-review/neural-review.json,/paired_same_schedule/deep_fno/etdrk4/continuum,dfd77097a59dbc0b5af3b7dc1f57073fc459c9ddc98aec45db9da92b4a0124f6
roadmap,deep_fno,gl3_fused,discrete,DESCRIPTIVE_PAIRED_MEASUREMENTS,1440,1440,70,42,0.08654753333304704,0.5892573868083248,0,comparator / candidate; >1 favors candidate for lower RMS and lower latency,"same parent, grid, schedule and spatial target; paired neural seed; classical controls reused across neural seeds; .27 and .81 horizons pooled only after same-schedule pairing","paired_rows/finite_pairs are repeated endpoint observations, not independent fields; discrete 24 independent field clusters; continuum 12","strict candidate RMS<control RMS; strict max<control max; accuracy_and_speed requires strict RMS,max,and cost wins together; no tolerance feasibility filter",results/roadmap-full-review/neural-review.json,/paired_same_schedule/deep_fno/gl3_fused/discrete,dfd77097a59dbc0b5af3b7dc1f57073fc459c9ddc98aec45db9da92b4a0124f6
roadmap,deep_fno,gl3_fused,continuum,DESCRIPTIVE_PAIRED_MEASUREMENTS,720,720,319,567,0.9977613978713574,0.5887844735900902,0,comparator / candidate; >1 favors candidate for lower RMS and lower latency,"same parent, grid, schedule and spatial target; paired neural seed; classical controls reused across neural seeds; .27 and .81 horizons pooled only after same-schedule pairing","paired_rows/finite_pairs are repeated endpoint observations, not independent fields; discrete 24 independent field clusters; continuum 12","strict candidate RMS<control RMS; strict max<control max; accuracy_and_speed requires strict RMS,max,and cost wins together; no tolerance feasibility filter",results/roadmap-full-review/neural-review.json,/paired_same_schedule/deep_fno/gl3_fused/continuum,dfd77097a59dbc0b5af3b7dc1f57073fc459c9ddc98aec45db9da92b4a0124f6
roadmap,source_embedded,source,discrete,DESCRIPTIVE_PAIRED_MEASUREMENTS,1440,1440,1440,1440,119.19250411490523,0.2295424422030346,0,comparator / candidate; >1 favors candidate for lower RMS and lower latency,"same parent, grid, schedule and spatial target; paired neural seed; classical controls reused across neural seeds; .27 and .81 horizons pooled only after same-schedule pairing","paired_rows/finite_pairs are repeated endpoint observations, not independent fields; discrete 24 independent field clusters; continuum 12","strict candidate RMS<control RMS; strict max<control max; accuracy_and_speed requires strict RMS,max,and cost wins together; no tolerance feasibility filter",results/roadmap-full-review/neural-review.json,/paired_same_schedule/source_embedded/source/discrete,dfd77097a59dbc0b5af3b7dc1f57073fc459c9ddc98aec45db9da92b4a0124f6
roadmap,source_embedded,source,continuum,DESCRIPTIVE_PAIRED_MEASUREMENTS,720,720,387,181,1.0010252525114163,0.2295424422030346,0,comparator / candidate; >1 favors candidate for lower RMS and lower latency,"same parent, grid, schedule and spatial target; paired neural seed; classical controls reused across neural seeds; .27 and .81 horizons pooled only after same-schedule pairing","paired_rows/finite_pairs are repeated endpoint observations, not independent fields; discrete 24 independent field clusters; continuum 12","strict candidate RMS<control RMS; strict max<control max; accuracy_and_speed requires strict RMS,max,and cost wins together; no tolerance feasibility filter",results/roadmap-full-review/neural-review.json,/paired_same_schedule/source_embedded/source/continuum,dfd77097a59dbc0b5af3b7dc1f57073fc459c9ddc98aec45db9da92b4a0124f6
roadmap,source_embedded,source_postcompression,discrete,DESCRIPTIVE_PAIRED_MEASUREMENTS,1440,1440,1440,1440,118.20342483612583,0.2608967184877261,1,comparator / candidate; >1 favors candidate for lower RMS and lower latency,"same parent, grid, schedule and spatial target; paired neural seed; classical controls reused across neural seeds; .27 and .81 horizons pooled only after same-schedule pairing","paired_rows/finite_pairs are repeated endpoint observations, not independent fields; discrete 24 independent field clusters; continuum 12","strict candidate RMS<control RMS; strict max<control max; accuracy_and_speed requires strict RMS,max,and cost wins together; no tolerance feasibility filter",results/roadmap-full-review/neural-review.json,/paired_same_schedule/source_embedded/source_postcompression/discrete,dfd77097a59dbc0b5af3b7dc1f57073fc459c9ddc98aec45db9da92b4a0124f6
roadmap,source_embedded,source_postcompression,continuum,DESCRIPTIVE_PAIRED_MEASUREMENTS,720,720,376,228,1.0009960360931736,0.25781431002017285,0,comparator / candidate; >1 favors candidate for lower RMS and lower latency,"same parent, grid, schedule and spatial target; paired neural seed; classical controls reused across neural seeds; .27 and .81 horizons pooled only after same-schedule pairing","paired_rows/finite_pairs are repeated endpoint observations, not independent fields; discrete 24 independent field clusters; continuum 12","strict candidate RMS<control RMS; strict max<control max; accuracy_and_speed requires strict RMS,max,and cost wins together; no tolerance feasibility filter",results/roadmap-full-review/neural-review.json,/paired_same_schedule/source_embedded/source_postcompression/continuum,dfd77097a59dbc0b5af3b7dc1f57073fc459c9ddc98aec45db9da92b4a0124f6
roadmap,source_embedded,cheap_fno,discrete,DESCRIPTIVE_PAIRED_MEASUREMENTS,1440,1440,1440,1440,120.91150402938132,0.24233062877772238,0,comparator / candidate; >1 favors candidate for lower RMS and lower latency,"same parent, grid, schedule and spatial target; paired neural seed; classical controls reused across neural seeds; .27 and .81 horizons pooled only after same-schedule pairing","paired_rows/finite_pairs are repeated endpoint observations, not independent fields; discrete 24 independent field clusters; continuum 12","strict candidate RMS<control RMS; strict max<control max; accuracy_and_speed requires strict RMS,max,and cost wins together; no tolerance feasibility filter",results/roadmap-full-review/neural-review.json,/paired_same_schedule/source_embedded/cheap_fno/discrete,dfd77097a59dbc0b5af3b7dc1f57073fc459c9ddc98aec45db9da92b4a0124f6
roadmap,source_embedded,cheap_fno,continuum,DESCRIPTIVE_PAIRED_MEASUREMENTS,720,720,396,177,1.0010854583695548,0.23924061737296495,0,comparator / candidate; >1 favors candidate for lower RMS and lower latency,"same parent, grid, schedule and spatial target; paired neural seed; classical controls reused across neural seeds; .27 and .81 horizons pooled only after same-schedule pairing","paired_rows/finite_pairs are repeated endpoint observations, not independent fields; discrete 24 independent field clusters; continuum 12","strict candidate RMS<control RMS; strict max<control max; accuracy_and_speed requires strict RMS,max,and cost wins together; no tolerance feasibility filter",results/roadmap-full-review/neural-review.json,/paired_same_schedule/source_embedded/cheap_fno/continuum,dfd77097a59dbc0b5af3b7dc1f57073fc459c9ddc98aec45db9da92b4a0124f6
roadmap,source_embedded,deep_fno,discrete,DESCRIPTIVE_PAIRED_MEASUREMENTS,1440,1440,1440,1440,118.90715035579757,0.45284532887764817,343,comparator / candidate; >1 favors candidate for lower RMS and lower latency,"same parent, grid, schedule and spatial target; paired neural seed; classical controls reused across neural seeds; .27 and .81 horizons pooled only after same-schedule pairing","paired_rows/finite_pairs are repeated endpoint observations, not independent fields; discrete 24 independent field clusters; continuum 12","strict candidate RMS<control RMS; strict max<control max; accuracy_and_speed requires strict RMS,max,and cost wins together; no tolerance feasibility filter",results/roadmap-full-review/neural-review.json,/paired_same_schedule/source_embedded/deep_fno/discrete,dfd77097a59dbc0b5af3b7dc1f57073fc459c9ddc98aec45db9da92b4a0124f6
roadmap,source_embedded,deep_fno,continuum,DESCRIPTIVE_PAIRED_MEASUREMENTS,720,720,393,179,1.0011291676480631,0.44828385899872736,0,comparator / candidate; >1 favors candidate for lower RMS and lower latency,"same parent, grid, schedule and spatial target; paired neural seed; classical controls reused across neural seeds; .27 and .81 horizons pooled only after same-schedule pairing","paired_rows/finite_pairs are repeated endpoint observations, not independent fields; discrete 24 independent field clusters; continuum 12","strict candidate RMS<control RMS; strict max<control max; accuracy_and_speed requires strict RMS,max,and cost wins together; no tolerance feasibility filter",results/roadmap-full-review/neural-review.json,/paired_same_schedule/source_embedded/deep_fno/continuum,dfd77097a59dbc0b5af3b7dc1f57073fc459c9ddc98aec45db9da92b4a0124f6
roadmap,source_embedded,direct_fno,discrete,DESCRIPTIVE_PAIRED_MEASUREMENTS,1440,1440,1440,1440,652318.5994681653,0.34500203292719656,72,comparator / candidate; >1 favors candidate for lower RMS and lower latency,"same parent, grid, schedule and spatial target; paired neural seed; classical controls reused across neural seeds; .27 and .81 horizons pooled only after same-schedule pairing","paired_rows/finite_pairs are repeated endpoint observations, not independent fields; discrete 24 independent field clusters; continuum 12","strict candidate RMS<control RMS; strict max<control max; accuracy_and_speed requires strict RMS,max,and cost wins together; no tolerance feasibility filter",results/roadmap-full-review/neural-review.json,/paired_same_schedule/source_embedded/direct_fno/discrete,dfd77097a59dbc0b5af3b7dc1f57073fc459c9ddc98aec45db9da92b4a0124f6
roadmap,source_embedded,direct_fno,continuum,DESCRIPTIVE_PAIRED_MEASUREMENTS,720,720,720,720,1162.571900322711,0.350317233781387,36,comparator / candidate; >1 favors candidate for lower RMS and lower latency,"same parent, grid, schedule and spatial target; paired neural seed; classical controls reused across neural seeds; .27 and .81 horizons pooled only after same-schedule pairing","paired_rows/finite_pairs are repeated endpoint observations, not independent fields; discrete 24 independent field clusters; continuum 12","strict candidate RMS<control RMS; strict max<control max; accuracy_and_speed requires strict RMS,max,and cost wins together; no tolerance feasibility filter",results/roadmap-full-review/neural-review.json,/paired_same_schedule/source_embedded/direct_fno/continuum,dfd77097a59dbc0b5af3b7dc1f57073fc459c9ddc98aec45db9da92b4a0124f6
roadmap,source_embedded,df_base,discrete,DESCRIPTIVE_PAIRED_MEASUREMENTS,1440,1440,1440,1440,120.90306282425269,0.07226499349224857,0,comparator / candidate; >1 favors candidate for lower RMS and lower latency,"same parent, grid, schedule and spatial target; paired neural seed; classical controls reused across neural seeds; .27 and .81 horizons pooled only after same-schedule pairing","paired_rows/finite_pairs are repeated endpoint observations, not independent fields; discrete 24 independent field clusters; continuum 12","strict candidate RMS<control RMS; strict max<control max; accuracy_and_speed requires strict RMS,max,and cost wins together; no tolerance feasibility filter",results/roadmap-full-review/neural-review.json,/paired_same_schedule/source_embedded/df_base/discrete,dfd77097a59dbc0b5af3b7dc1f57073fc459c9ddc98aec45db9da92b4a0124f6
roadmap,source_embedded,df_base,continuum,DESCRIPTIVE_PAIRED_MEASUREMENTS,720,720,414,183,1.0015418506024258,0.07373250556916908,0,comparator / candidate; >1 favors candidate for lower RMS and lower latency,"same parent, grid, schedule and spatial target; paired neural seed; classical controls reused across neural seeds; .27 and .81 horizons pooled only after same-schedule pairing","paired_rows/finite_pairs are repeated endpoint observations, not independent fields; discrete 24 independent field clusters; continuum 12","strict candidate RMS<control RMS; strict max<control max; accuracy_and_speed requires strict RMS,max,and cost wins together; no tolerance feasibility filter",results/roadmap-full-review/neural-review.json,/paired_same_schedule/source_embedded/df_base/continuum,dfd77097a59dbc0b5af3b7dc1f57073fc459c9ddc98aec45db9da92b4a0124f6
roadmap,source_embedded,df_quad2,discrete,DESCRIPTIVE_PAIRED_MEASUREMENTS,1440,1440,1332,1332,9.403933141106123,0.3423714604603405,41,comparator / candidate; >1 favors candidate for lower RMS and lower latency,"same parent, grid, schedule and spatial target; paired neural seed; classical controls reused across neural seeds; .27 and .81 horizons pooled only after same-schedule pairing","paired_rows/finite_pairs are repeated endpoint observations, not independent fields; discrete 24 independent field clusters; continuum 12","strict candidate RMS<control RMS; strict max<control max; accuracy_and_speed requires strict RMS,max,and cost wins together; no tolerance feasibility filter",results/roadmap-full-review/neural-review.json,/paired_same_schedule/source_embedded/df_quad2/discrete,dfd77097a59dbc0b5af3b7dc1f57073fc459c9ddc98aec45db9da92b4a0124f6
roadmap,source_embedded,df_quad2,continuum,DESCRIPTIVE_PAIRED_MEASUREMENTS,720,720,279,156,0.9997160508711628,0.33747463100084496,2,comparator / candidate; >1 favors candidate for lower RMS and lower latency,"same parent, grid, schedule and spatial target; paired neural seed; classical controls reused across neural seeds; .27 and .81 horizons pooled only after same-schedule pairing","paired_rows/finite_pairs are repeated endpoint observations, not independent fields; discrete 24 independent field clusters; continuum 12","strict candidate RMS<control RMS; strict max<control max; accuracy_and_speed requires strict RMS,max,and cost wins together; no tolerance feasibility filter",results/roadmap-full-review/neural-review.json,/paired_same_schedule/source_embedded/df_quad2/continuum,dfd77097a59dbc0b5af3b7dc1f57073fc459c9ddc98aec45db9da92b4a0124f6
roadmap,source_embedded,rf_base,discrete,DESCRIPTIVE_PAIRED_MEASUREMENTS,1440,1440,1440,1440,235.7565728539634,0.08194362364611274,0,comparator / candidate; >1 favors candidate for lower RMS and lower latency,"same parent, grid, schedule and spatial target; paired neural seed; classical controls reused across neural seeds; .27 and .81 horizons pooled only after same-schedule pairing","paired_rows/finite_pairs are repeated endpoint observations, not independent fields; discrete 24 independent field clusters; continuum 12","strict candidate RMS<control RMS; strict max<control max; accuracy_and_speed requires strict RMS,max,and cost wins together; no tolerance feasibility filter",results/roadmap-full-review/neural-review.json,/paired_same_schedule/source_embedded/rf_base/discrete,dfd77097a59dbc0b5af3b7dc1f57073fc459c9ddc98aec45db9da92b4a0124f6
roadmap,source_embedded,rf_base,continuum,DESCRIPTIVE_PAIRED_MEASUREMENTS,720,720,573,705,1.1245703065693253,0.07940441371821444,0,comparator / candidate; >1 favors candidate for lower RMS and lower latency,"same parent, grid, schedule and spatial target; paired neural seed; classical controls reused across neural seeds; .27 and .81 horizons pooled only after same-schedule pairing","paired_rows/finite_pairs are repeated endpoint observations, not independent fields; discrete 24 independent field clusters; continuum 12","strict candidate RMS<control RMS; strict max<control max; accuracy_and_speed requires strict RMS,max,and cost wins together; no tolerance feasibility filter",results/roadmap-full-review/neural-review.json,/paired_same_schedule/source_embedded/rf_base/continuum,dfd77097a59dbc0b5af3b7dc1f57073fc459c9ddc98aec45db9da92b4a0124f6
roadmap,source_embedded,etdrk4,discrete,DESCRIPTIVE_PAIRED_MEASUREMENTS,1440,1440,1368,1377,223.7627900001853,0.12559532107960852,0,comparator / candidate; >1 favors candidate for lower RMS and lower latency,"same parent, grid, schedule and spatial target; paired neural seed; classical controls reused across neural seeds; .27 and .81 horizons pooled only after same-schedule pairing","paired_rows/finite_pairs are repeated endpoint observations, not independent fields; discrete 24 independent field clusters; continuum 12","strict candidate RMS<control RMS; strict max<control max; accuracy_and_speed requires strict RMS,max,and cost wins together; no tolerance feasibility filter",results/roadmap-full-review/neural-review.json,/paired_same_schedule/source_embedded/etdrk4/discrete,dfd77097a59dbc0b5af3b7dc1f57073fc459c9ddc98aec45db9da92b4a0124f6
roadmap,source_embedded,etdrk4,continuum,DESCRIPTIVE_PAIRED_MEASUREMENTS,720,720,534,579,1.1219057687799516,0.12559532107960852,0,comparator / candidate; >1 favors candidate for lower RMS and lower latency,"same parent, grid, schedule and spatial target; paired neural seed; classical controls reused across neural seeds; .27 and .81 horizons pooled only after same-schedule pairing","paired_rows/finite_pairs are repeated endpoint observations, not independent fields; discrete 24 independent field clusters; continuum 12","strict candidate RMS<control RMS; strict max<control max; accuracy_and_speed requires strict RMS,max,and cost wins together; no tolerance feasibility filter",results/roadmap-full-review/neural-review.json,/paired_same_schedule/source_embedded/etdrk4/continuum,dfd77097a59dbc0b5af3b7dc1f57073fc459c9ddc98aec45db9da92b4a0124f6
roadmap,source_embedded,gl3_fused,discrete,DESCRIPTIVE_PAIRED_MEASUREMENTS,1440,1440,1236,1278,6.428321138343048,0.2686906022425001,0,comparator / candidate; >1 favors candidate for lower RMS and lower latency,"same parent, grid, schedule and spatial target; paired neural seed; classical controls reused across neural seeds; .27 and .81 horizons pooled only after same-schedule pairing","paired_rows/finite_pairs are repeated endpoint observations, not independent fields; discrete 24 independent field clusters; continuum 12","strict candidate RMS<control RMS; strict max<control max; accuracy_and_speed requires strict RMS,max,and cost wins together; no tolerance feasibility filter",results/roadmap-full-review/neural-review.json,/paired_same_schedule/source_embedded/gl3_fused/discrete,dfd77097a59dbc0b5af3b7dc1f57073fc459c9ddc98aec45db9da92b4a0124f6
roadmap,source_embedded,gl3_fused,continuum,DESCRIPTIVE_PAIRED_MEASUREMENTS,720,720,273,426,0.9998310417915643,0.26891683301215286,0,comparator / candidate; >1 favors candidate for lower RMS and lower latency,"same parent, grid, schedule and spatial target; paired neural seed; classical controls reused across neural seeds; .27 and .81 horizons pooled only after same-schedule pairing","paired_rows/finite_pairs are repeated endpoint observations, not independent fields; discrete 24 independent field clusters; continuum 12","strict candidate RMS<control RMS; strict max<control max; accuracy_and_speed requires strict RMS,max,and cost wins together; no tolerance feasibility filter",results/roadmap-full-review/neural-review.json,/paired_same_schedule/source_embedded/gl3_fused/continuum,dfd77097a59dbc0b5af3b7dc1f57073fc459c9ddc98aec45db9da92b4a0124f6
roadmap,source,source_postcompression,discrete,DESCRIPTIVE_PAIRED_MEASUREMENTS,1440,1440,822,669,1.0021508016117158,1.1155067376063275,565,comparator / candidate; >1 favors candidate for lower RMS and lower latency,"same parent, grid, schedule and spatial target; paired neural seed; classical controls reused across neural seeds; .27 and .81 horizons pooled only after same-schedule pairing","paired_rows/finite_pairs are repeated endpoint observations, not independent fields; discrete 24 independent field clusters; continuum 12","strict candidate RMS<control RMS; strict max<control max; accuracy_and_speed requires strict RMS,max,and cost wins together; no tolerance feasibility filter",results/roadmap-full-review/neural-review.json,/paired_same_schedule/source/source_postcompression/discrete,dfd77097a59dbc0b5af3b7dc1f57073fc459c9ddc98aec45db9da92b4a0124f6
roadmap,source,source_postcompression,continuum,DESCRIPTIVE_PAIRED_MEASUREMENTS,720,720,338,441,1.0,1.1148612740946344,303,comparator / candidate; >1 favors candidate for lower RMS and lower latency,"same parent, grid, schedule and spatial target; paired neural seed; classical controls reused across neural seeds; .27 and .81 horizons pooled only after same-schedule pairing","paired_rows/finite_pairs are repeated endpoint observations, not independent fields; discrete 24 independent field clusters; continuum 12","strict candidate RMS<control RMS; strict max<control max; accuracy_and_speed requires strict RMS,max,and cost wins together; no tolerance feasibility filter",results/roadmap-full-review/neural-review.json,/paired_same_schedule/source/source_postcompression/continuum,dfd77097a59dbc0b5af3b7dc1f57073fc459c9ddc98aec45db9da92b4a0124f6
roadmap,source,cheap_fno,discrete,DESCRIPTIVE_PAIRED_MEASUREMENTS,1440,1440,778,629,1.0006584417152902,1.0255208708427945,503,comparator / candidate; >1 favors candidate for lower RMS and lower latency,"same parent, grid, schedule and spatial target; paired neural seed; classical controls reused across neural seeds; .27 and .81 horizons pooled only after same-schedule pairing","paired_rows/finite_pairs are repeated endpoint observations, not independent fields; discrete 24 independent field clusters; continuum 12","strict candidate RMS<control RMS; strict max<control max; accuracy_and_speed requires strict RMS,max,and cost wins together; no tolerance feasibility filter",results/roadmap-full-review/neural-review.json,/paired_same_schedule/source/cheap_fno/discrete,dfd77097a59dbc0b5af3b7dc1f57073fc459c9ddc98aec45db9da92b4a0124f6
roadmap,source,cheap_fno,continuum,DESCRIPTIVE_PAIRED_MEASUREMENTS,720,720,345,223,1.0,1.0254749732372854,166,comparator / candidate; >1 favors candidate for lower RMS and lower latency,"same parent, grid, schedule and spatial target; paired neural seed; classical controls reused across neural seeds; .27 and .81 horizons pooled only after same-schedule pairing","paired_rows/finite_pairs are repeated endpoint observations, not independent fields; discrete 24 independent field clusters; continuum 12","strict candidate RMS<control RMS; strict max<control max; accuracy_and_speed requires strict RMS,max,and cost wins together; no tolerance feasibility filter",results/roadmap-full-review/neural-review.json,/paired_same_schedule/source/cheap_fno/continuum,dfd77097a59dbc0b5af3b7dc1f57073fc459c9ddc98aec45db9da92b4a0124f6
roadmap,source,deep_fno,discrete,DESCRIPTIVE_PAIRED_MEASUREMENTS,1440,1440,511,506,0.9992000457633023,1.9058791013628178,359,comparator / candidate; >1 favors candidate for lower RMS and lower latency,"same parent, grid, schedule and spatial target; paired neural seed; classical controls reused across neural seeds; .27 and .81 horizons pooled only after same-schedule pairing","paired_rows/finite_pairs are repeated endpoint observations, not independent fields; discrete 24 independent field clusters; continuum 12","strict candidate RMS<control RMS; strict max<control max; accuracy_and_speed requires strict RMS,max,and cost wins together; no tolerance feasibility filter",results/roadmap-full-review/neural-review.json,/paired_same_schedule/source/deep_fno/discrete,dfd77097a59dbc0b5af3b7dc1f57073fc459c9ddc98aec45db9da92b4a0124f6
roadmap,source,deep_fno,continuum,DESCRIPTIVE_PAIRED_MEASUREMENTS,720,720,302,262,1.0,1.9052459831892672,211,comparator / candidate; >1 favors candidate for lower RMS and lower latency,"same parent, grid, schedule and spatial target; paired neural seed; classical controls reused across neural seeds; .27 and .81 horizons pooled only after same-schedule pairing","paired_rows/finite_pairs are repeated endpoint observations, not independent fields; discrete 24 independent field clusters; continuum 12","strict candidate RMS<control RMS; strict max<control max; accuracy_and_speed requires strict RMS,max,and cost wins together; no tolerance feasibility filter",results/roadmap-full-review/neural-review.json,/paired_same_schedule/source/deep_fno/continuum,dfd77097a59dbc0b5af3b7dc1f57073fc459c9ddc98aec45db9da92b4a0124f6
roadmap,source,direct_fno,discrete,DESCRIPTIVE_PAIRED_MEASUREMENTS,1440,1440,1440,1440,3171.2287136006444,1.4399201004250637,1440,comparator / candidate; >1 favors candidate for lower RMS and lower latency,"same parent, grid, schedule and spatial target; paired neural seed; classical controls reused across neural seeds; .27 and .81 horizons pooled only after same-schedule pairing","paired_rows/finite_pairs are repeated endpoint observations, not independent fields; discrete 24 independent field clusters; continuum 12","strict candidate RMS<control RMS; strict max<control max; accuracy_and_speed requires strict RMS,max,and cost wins together; no tolerance feasibility filter",results/roadmap-full-review/neural-review.json,/paired_same_schedule/source/direct_fno/discrete,dfd77097a59dbc0b5af3b7dc1f57073fc459c9ddc98aec45db9da92b4a0124f6
roadmap,source,direct_fno,continuum,DESCRIPTIVE_PAIRED_MEASUREMENTS,720,720,720,720,948.0012614385519,1.4400158106401348,720,comparator / candidate; >1 favors candidate for lower RMS and lower latency,"same parent, grid, schedule and spatial target; paired neural seed; classical controls reused across neural seeds; .27 and .81 horizons pooled only after same-schedule pairing","paired_rows/finite_pairs are repeated endpoint observations, not independent fields; discrete 24 independent field clusters; continuum 12","strict candidate RMS<control RMS; strict max<control max; accuracy_and_speed requires strict RMS,max,and cost wins together; no tolerance feasibility filter",results/roadmap-full-review/neural-review.json,/paired_same_schedule/source/direct_fno/continuum,dfd77097a59dbc0b5af3b7dc1f57073fc459c9ddc98aec45db9da92b4a0124f6
roadmap,source,df_base,discrete,DESCRIPTIVE_PAIRED_MEASUREMENTS,1440,1440,794,664,1.0009873076949884,0.3139875451803037,0,comparator / candidate; >1 favors candidate for lower RMS and lower latency,"same parent, grid, schedule and spatial target; paired neural seed; classical controls reused across neural seeds; .27 and .81 horizons pooled only after same-schedule pairing","paired_rows/finite_pairs are repeated endpoint observations, not independent fields; discrete 24 independent field clusters; continuum 12","strict candidate RMS<control RMS; strict max<control max; accuracy_and_speed requires strict RMS,max,and cost wins together; no tolerance feasibility filter",results/roadmap-full-review/neural-review.json,/paired_same_schedule/source/df_base/discrete,dfd77097a59dbc0b5af3b7dc1f57073fc459c9ddc98aec45db9da92b4a0124f6
roadmap,source,df_base,continuum,DESCRIPTIVE_PAIRED_MEASUREMENTS,720,720,489,353,1.0004266904549302,0.3141990155571527,0,comparator / candidate; >1 favors candidate for lower RMS and lower latency,"same parent, grid, schedule and spatial target; paired neural seed; classical controls reused across neural seeds; .27 and .81 horizons pooled only after same-schedule pairing","paired_rows/finite_pairs are repeated endpoint observations, not independent fields; discrete 24 independent field clusters; continuum 12","strict candidate RMS<control RMS; strict max<control max; accuracy_and_speed requires strict RMS,max,and cost wins together; no tolerance feasibility filter",results/roadmap-full-review/neural-review.json,/paired_same_schedule/source/df_base/continuum,dfd77097a59dbc0b5af3b7dc1f57073fc459c9ddc98aec45db9da92b4a0124f6
roadmap,source,df_quad2,discrete,DESCRIPTIVE_PAIRED_MEASUREMENTS,1440,1440,18,39,0.12905666673054253,1.4854565688996437,15,comparator / candidate; >1 favors candidate for lower RMS and lower latency,"same parent, grid, schedule and spatial target; paired neural seed; classical controls reused across neural seeds; .27 and .81 horizons pooled only after same-schedule pairing","paired_rows/finite_pairs are repeated endpoint observations, not independent fields; discrete 24 independent field clusters; continuum 12","strict candidate RMS<control RMS; strict max<control max; accuracy_and_speed requires strict RMS,max,and cost wins together; no tolerance feasibility filter",results/roadmap-full-review/neural-review.json,/paired_same_schedule/source/df_quad2/discrete,dfd77097a59dbc0b5af3b7dc1f57073fc459c9ddc98aec45db9da92b4a0124f6
roadmap,source,df_quad2,continuum,DESCRIPTIVE_PAIRED_MEASUREMENTS,720,720,406,530,1.0001615627306277,1.486995882572729,404,comparator / candidate; >1 favors candidate for lower RMS and lower latency,"same parent, grid, schedule and spatial target; paired neural seed; classical controls reused across neural seeds; .27 and .81 horizons pooled only after same-schedule pairing","paired_rows/finite_pairs are repeated endpoint observations, not independent fields; discrete 24 independent field clusters; continuum 12","strict candidate RMS<control RMS; strict max<control max; accuracy_and_speed requires strict RMS,max,and cost wins together; no tolerance feasibility filter",results/roadmap-full-review/neural-review.json,/paired_same_schedule/source/df_quad2/continuum,dfd77097a59dbc0b5af3b7dc1f57073fc459c9ddc98aec45db9da92b4a0124f6
roadmap,source,rf_base,discrete,DESCRIPTIVE_PAIRED_MEASUREMENTS,1440,1440,1183,1184,1.9489915290595405,0.34667702958826496,0,comparator / candidate; >1 favors candidate for lower RMS and lower latency,"same parent, grid, schedule and spatial target; paired neural seed; classical controls reused across neural seeds; .27 and .81 horizons pooled only after same-schedule pairing","paired_rows/finite_pairs are repeated endpoint observations, not independent fields; discrete 24 independent field clusters; continuum 12","strict candidate RMS<control RMS; strict max<control max; accuracy_and_speed requires strict RMS,max,and cost wins together; no tolerance feasibility filter",results/roadmap-full-review/neural-review.json,/paired_same_schedule/source/rf_base/discrete,dfd77097a59dbc0b5af3b7dc1f57073fc459c9ddc98aec45db9da92b4a0124f6
roadmap,source,rf_base,continuum,DESCRIPTIVE_PAIRED_MEASUREMENTS,720,720,625,720,1.0825886184855282,0.3463532118264464,0,comparator / candidate; >1 favors candidate for lower RMS and lower latency,"same parent, grid, schedule and spatial target; paired neural seed; classical controls reused across neural seeds; .27 and .81 horizons pooled only after same-schedule pairing","paired_rows/finite_pairs are repeated endpoint observations, not independent fields; discrete 24 independent field clusters; continuum 12","strict candidate RMS<control RMS; strict max<control max; accuracy_and_speed requires strict RMS,max,and cost wins together; no tolerance feasibility filter",results/roadmap-full-review/neural-review.json,/paired_same_schedule/source/rf_base/continuum,dfd77097a59dbc0b5af3b7dc1f57073fc459c9ddc98aec45db9da92b4a0124f6
roadmap,source,etdrk4,discrete,DESCRIPTIVE_PAIRED_MEASUREMENTS,1440,1440,899,838,2.863779057328909,0.5287243239796648,0,comparator / candidate; >1 favors candidate for lower RMS and lower latency,"same parent, grid, schedule and spatial target; paired neural seed; classical controls reused across neural seeds; .27 and .81 horizons pooled only after same-schedule pairing","paired_rows/finite_pairs are repeated endpoint observations, not independent fields; discrete 24 independent field clusters; continuum 12","strict candidate RMS<control RMS; strict max<control max; accuracy_and_speed requires strict RMS,max,and cost wins together; no tolerance feasibility filter",results/roadmap-full-review/neural-review.json,/paired_same_schedule/source/etdrk4/discrete,dfd77097a59dbc0b5af3b7dc1f57073fc459c9ddc98aec45db9da92b4a0124f6
roadmap,source,etdrk4,continuum,DESCRIPTIVE_PAIRED_MEASUREMENTS,720,720,655,705,1.1799200107680259,0.5277572982463993,0,comparator / candidate; >1 favors candidate for lower RMS and lower latency,"same parent, grid, schedule and spatial target; paired neural seed; classical controls reused across neural seeds; .27 and .81 horizons pooled only after same-schedule pairing","paired_rows/finite_pairs are repeated endpoint observations, not independent fields; discrete 24 independent field clusters; continuum 12","strict candidate RMS<control RMS; strict max<control max; accuracy_and_speed requires strict RMS,max,and cost wins together; no tolerance feasibility filter",results/roadmap-full-review/neural-review.json,/paired_same_schedule/source/etdrk4/continuum,dfd77097a59dbc0b5af3b7dc1f57073fc459c9ddc98aec45db9da92b4a0124f6
roadmap,source,gl3_fused,discrete,DESCRIPTIVE_PAIRED_MEASUREMENTS,1440,1440,66,36,0.08705126536278371,1.122332140829374,33,comparator / candidate; >1 favors candidate for lower RMS and lower latency,"same parent, grid, schedule and spatial target; paired neural seed; classical controls reused across neural seeds; .27 and .81 horizons pooled only after same-schedule pairing","paired_rows/finite_pairs are repeated endpoint observations, not independent fields; discrete 24 independent field clusters; continuum 12","strict candidate RMS<control RMS; strict max<control max; accuracy_and_speed requires strict RMS,max,and cost wins together; no tolerance feasibility filter",results/roadmap-full-review/neural-review.json,/paired_same_schedule/source/gl3_fused/discrete,dfd77097a59dbc0b5af3b7dc1f57073fc459c9ddc98aec45db9da92b4a0124f6
roadmap,source,gl3_fused,continuum,DESCRIPTIVE_PAIRED_MEASUREMENTS,720,720,318,571,0.9979144631816167,1.1218388854473653,307,comparator / candidate; >1 favors candidate for lower RMS and lower latency,"same parent, grid, schedule and spatial target; paired neural seed; classical controls reused across neural seeds; .27 and .81 horizons pooled only after same-schedule pairing","paired_rows/finite_pairs are repeated endpoint observations, not independent fields; discrete 24 independent field clusters; continuum 12","strict candidate RMS<control RMS; strict max<control max; accuracy_and_speed requires strict RMS,max,and cost wins together; no tolerance feasibility filter",results/roadmap-full-review/neural-review.json,/paired_same_schedule/source/gl3_fused/continuum,dfd77097a59dbc0b5af3b7dc1f57073fc459c9ddc98aec45db9da92b4a0124f6
roadmap,source_consistency,source,discrete,DESCRIPTIVE_PAIRED_MEASUREMENTS,1440,1440,425,434,0.9999941779364341,0.9992840618721377,124,comparator / candidate; >1 favors candidate for lower RMS and lower latency,"same parent, grid, schedule and spatial target; paired neural seed; classical controls reused across neural seeds; .27 and .81 horizons pooled only after same-schedule pairing","paired_rows/finite_pairs are repeated endpoint observations, not independent fields; discrete 24 independent field clusters; continuum 12","strict candidate RMS<control RMS; strict max<control max; accuracy_and_speed requires strict RMS,max,and cost wins together; no tolerance feasibility filter",results/roadmap-full-review/neural-review.json,/paired_same_schedule/source_consistency/source/discrete,dfd77097a59dbc0b5af3b7dc1f57073fc459c9ddc98aec45db9da92b4a0124f6
roadmap,source_consistency,source,continuum,DESCRIPTIVE_PAIRED_MEASUREMENTS,720,720,242,194,1.0,0.9994333186838009,66,comparator / candidate; >1 favors candidate for lower RMS and lower latency,"same parent, grid, schedule and spatial target; paired neural seed; classical controls reused across neural seeds; .27 and .81 horizons pooled only after same-schedule pairing","paired_rows/finite_pairs are repeated endpoint observations, not independent fields; discrete 24 independent field clusters; continuum 12","strict candidate RMS<control RMS; strict max<control max; accuracy_and_speed requires strict RMS,max,and cost wins together; no tolerance feasibility filter",results/roadmap-full-review/neural-review.json,/paired_same_schedule/source_consistency/source/continuum,dfd77097a59dbc0b5af3b7dc1f57073fc459c9ddc98aec45db9da92b4a0124f6
roadmap,source_consistency,source_postcompression,discrete,DESCRIPTIVE_PAIRED_MEASUREMENTS,1440,1440,815,664,1.0020632023642433,1.115319507455074,559,comparator / candidate; >1 favors candidate for lower RMS and lower latency,"same parent, grid, schedule and spatial target; paired neural seed; classical controls reused across neural seeds; .27 and .81 horizons pooled only after same-schedule pairing","paired_rows/finite_pairs are repeated endpoint observations, not independent fields; discrete 24 independent field clusters; continuum 12","strict candidate RMS<control RMS; strict max<control max; accuracy_and_speed requires strict RMS,max,and cost wins together; no tolerance feasibility filter",results/roadmap-full-review/neural-review.json,/paired_same_schedule/source_consistency/source_postcompression/discrete,dfd77097a59dbc0b5af3b7dc1f57073fc459c9ddc98aec45db9da92b4a0124f6
roadmap,source_consistency,source_postcompression,continuum,DESCRIPTIVE_PAIRED_MEASUREMENTS,720,720,344,444,1.0,1.115340756466643,309,comparator / candidate; >1 favors candidate for lower RMS and lower latency,"same parent, grid, schedule and spatial target; paired neural seed; classical controls reused across neural seeds; .27 and .81 horizons pooled only after same-schedule pairing","paired_rows/finite_pairs are repeated endpoint observations, not independent fields; discrete 24 independent field clusters; continuum 12","strict candidate RMS<control RMS; strict max<control max; accuracy_and_speed requires strict RMS,max,and cost wins together; no tolerance feasibility filter",results/roadmap-full-review/neural-review.json,/paired_same_schedule/source_consistency/source_postcompression/continuum,dfd77097a59dbc0b5af3b7dc1f57073fc459c9ddc98aec45db9da92b4a0124f6
roadmap,source_consistency,cheap_fno,discrete,DESCRIPTIVE_PAIRED_MEASUREMENTS,1440,1440,763,632,1.00031514032765,1.0248939250998197,487,comparator / candidate; >1 favors candidate for lower RMS and lower latency,"same parent, grid, schedule and spatial target; paired neural seed; classical controls reused across neural seeds; .27 and .81 horizons pooled only after same-schedule pairing","paired_rows/finite_pairs are repeated endpoint observations, not independent fields; discrete 24 independent field clusters; continuum 12","strict candidate RMS<control RMS; strict max<control max; accuracy_and_speed requires strict RMS,max,and cost wins together; no tolerance feasibility filter",results/roadmap-full-review/neural-review.json,/paired_same_schedule/source_consistency/cheap_fno/discrete,dfd77097a59dbc0b5af3b7dc1f57073fc459c9ddc98aec45db9da92b4a0124f6
roadmap,source_consistency,cheap_fno,continuum,DESCRIPTIVE_PAIRED_MEASUREMENTS,720,720,345,234,1.0,1.024674031819609,174,comparator / candidate; >1 favors candidate for lower RMS and lower latency,"same parent, grid, schedule and spatial target; paired neural seed; classical controls reused across neural seeds; .27 and .81 horizons pooled only after same-schedule pairing","paired_rows/finite_pairs are repeated endpoint observations, not independent fields; discrete 24 independent field clusters; continuum 12","strict candidate RMS<control RMS; strict max<control max; accuracy_and_speed requires strict RMS,max,and cost wins together; no tolerance feasibility filter",results/roadmap-full-review/neural-review.json,/paired_same_schedule/source_consistency/cheap_fno/continuum,dfd77097a59dbc0b5af3b7dc1f57073fc459c9ddc98aec45db9da92b4a0124f6
roadmap,source_consistency,deep_fno,discrete,DESCRIPTIVE_PAIRED_MEASUREMENTS,1440,1440,506,501,0.9991588264635342,1.904338691069639,350,comparator / candidate; >1 favors candidate for lower RMS and lower latency,"same parent, grid, schedule and spatial target; paired neural seed; classical controls reused across neural seeds; .27 and .81 horizons pooled only after same-schedule pairing","paired_rows/finite_pairs are repeated endpoint observations, not independent fields; discrete 24 independent field clusters; continuum 12","strict candidate RMS<control RMS; strict max<control max; accuracy_and_speed requires strict RMS,max,and cost wins together; no tolerance feasibility filter",results/roadmap-full-review/neural-review.json,/paired_same_schedule/source_consistency/deep_fno/discrete,dfd77097a59dbc0b5af3b7dc1f57073fc459c9ddc98aec45db9da92b4a0124f6
roadmap,source_consistency,deep_fno,continuum,DESCRIPTIVE_PAIRED_MEASUREMENTS,720,720,304,273,1.0,1.9045300835573744,214,comparator / candidate; >1 favors candidate for lower RMS and lower latency,"same parent, grid, schedule and spatial target; paired neural seed; classical controls reused across neural seeds; .27 and .81 horizons pooled only after same-schedule pairing","paired_rows/finite_pairs are repeated endpoint observations, not independent fields; discrete 24 independent field clusters; continuum 12","strict candidate RMS<control RMS; strict max<control max; accuracy_and_speed requires strict RMS,max,and cost wins together; no tolerance feasibility filter",results/roadmap-full-review/neural-review.json,/paired_same_schedule/source_consistency/deep_fno/continuum,dfd77097a59dbc0b5af3b7dc1f57073fc459c9ddc98aec45db9da92b4a0124f6
roadmap,source_consistency,direct_fno,discrete,DESCRIPTIVE_PAIRED_MEASUREMENTS,1440,1440,1440,1440,3170.9721074244344,1.4391557255316523,1440,comparator / candidate; >1 favors candidate for lower RMS and lower latency,"same parent, grid, schedule and spatial target; paired neural seed; classical controls reused across neural seeds; .27 and .81 horizons pooled only after same-schedule pairing","paired_rows/finite_pairs are repeated endpoint observations, not independent fields; discrete 24 independent field clusters; continuum 12","strict candidate RMS<control RMS; strict max<control max; accuracy_and_speed requires strict RMS,max,and cost wins together; no tolerance feasibility filter",results/roadmap-full-review/neural-review.json,/paired_same_schedule/source_consistency/direct_fno/discrete,dfd77097a59dbc0b5af3b7dc1f57073fc459c9ddc98aec45db9da92b4a0124f6
roadmap,source_consistency,direct_fno,continuum,DESCRIPTIVE_PAIRED_MEASUREMENTS,720,720,720,720,948.2547698849891,1.4394191301564745,720,comparator / candidate; >1 favors candidate for lower RMS and lower latency,"same parent, grid, schedule and spatial target; paired neural seed; classical controls reused across neural seeds; .27 and .81 horizons pooled only after same-schedule pairing","paired_rows/finite_pairs are repeated endpoint observations, not independent fields; discrete 24 independent field clusters; continuum 12","strict candidate RMS<control RMS; strict max<control max; accuracy_and_speed requires strict RMS,max,and cost wins together; no tolerance feasibility filter",results/roadmap-full-review/neural-review.json,/paired_same_schedule/source_consistency/direct_fno/continuum,dfd77097a59dbc0b5af3b7dc1f57073fc459c9ddc98aec45db9da92b4a0124f6
roadmap,source_consistency,df_base,discrete,DESCRIPTIVE_PAIRED_MEASUREMENTS,1440,1440,780,660,1.000503958801733,0.3136816773657678,0,comparator / candidate; >1 favors candidate for lower RMS and lower latency,"same parent, grid, schedule and spatial target; paired neural seed; classical controls reused across neural seeds; .27 and .81 horizons pooled only after same-schedule pairing","paired_rows/finite_pairs are repeated endpoint observations, not independent fields; discrete 24 independent field clusters; continuum 12","strict candidate RMS<control RMS; strict max<control max; accuracy_and_speed requires strict RMS,max,and cost wins together; no tolerance feasibility filter",results/roadmap-full-review/neural-review.json,/paired_same_schedule/source_consistency/df_base/discrete,dfd77097a59dbc0b5af3b7dc1f57073fc459c9ddc98aec45db9da92b4a0124f6
roadmap,source_consistency,df_base,continuum,DESCRIPTIVE_PAIRED_MEASUREMENTS,720,720,485,357,1.000400909877039,0.31398821203244537,0,comparator / candidate; >1 favors candidate for lower RMS and lower latency,"same parent, grid, schedule and spatial target; paired neural seed; classical controls reused across neural seeds; .27 and .81 horizons pooled only after same-schedule pairing","paired_rows/finite_pairs are repeated endpoint observations, not independent fields; discrete 24 independent field clusters; continuum 12","strict candidate RMS<control RMS; strict max<control max; accuracy_and_speed requires strict RMS,max,and cost wins together; no tolerance feasibility filter",results/roadmap-full-review/neural-review.json,/paired_same_schedule/source_consistency/df_base/continuum,dfd77097a59dbc0b5af3b7dc1f57073fc459c9ddc98aec45db9da92b4a0124f6
roadmap,source_consistency,df_quad2,discrete,DESCRIPTIVE_PAIRED_MEASUREMENTS,1440,1440,21,41,0.12905666673054253,1.4848269813532915,18,comparator / candidate; >1 favors candidate for lower RMS and lower latency,"same parent, grid, schedule and spatial target; paired neural seed; classical controls reused across neural seeds; .27 and .81 horizons pooled only after same-schedule pairing","paired_rows/finite_pairs are repeated endpoint observations, not independent fields; discrete 24 independent field clusters; continuum 12","strict candidate RMS<control RMS; strict max<control max; accuracy_and_speed requires strict RMS,max,and cost wins together; no tolerance feasibility filter",results/roadmap-full-review/neural-review.json,/paired_same_schedule/source_consistency/df_quad2/discrete,dfd77097a59dbc0b5af3b7dc1f57073fc459c9ddc98aec45db9da92b4a0124f6
roadmap,source_consistency,df_quad2,continuum,DESCRIPTIVE_PAIRED_MEASUREMENTS,720,720,402,527,1.0001457167072938,1.4848765258926737,399,comparator / candidate; >1 favors candidate for lower RMS and lower latency,"same parent, grid, schedule and spatial target; paired neural seed; classical controls reused across neural seeds; .27 and .81 horizons pooled only after same-schedule pairing","paired_rows/finite_pairs are repeated endpoint observations, not independent fields; discrete 24 independent field clusters; continuum 12","strict candidate RMS<control RMS; strict max<control max; accuracy_and_speed requires strict RMS,max,and cost wins together; no tolerance feasibility filter",results/roadmap-full-review/neural-review.json,/paired_same_schedule/source_consistency/df_quad2/continuum,dfd77097a59dbc0b5af3b7dc1f57073fc459c9ddc98aec45db9da92b4a0124f6
roadmap,source_consistency,rf_base,discrete,DESCRIPTIVE_PAIRED_MEASUREMENTS,1440,1440,1184,1180,1.9505139083104752,0.34656842352501516,0,comparator / candidate; >1 favors candidate for lower RMS and lower latency,"same parent, grid, schedule and spatial target; paired neural seed; classical controls reused across neural seeds; .27 and .81 horizons pooled only after same-schedule pairing","paired_rows/finite_pairs are repeated endpoint observations, not independent fields; discrete 24 independent field clusters; continuum 12","strict candidate RMS<control RMS; strict max<control max; accuracy_and_speed requires strict RMS,max,and cost wins together; no tolerance feasibility filter",results/roadmap-full-review/neural-review.json,/paired_same_schedule/source_consistency/rf_base/discrete,dfd77097a59dbc0b5af3b7dc1f57073fc459c9ddc98aec45db9da92b4a0124f6
roadmap,source_consistency,rf_base,continuum,DESCRIPTIVE_PAIRED_MEASUREMENTS,720,720,625,720,1.0825707548062642,0.34655750858093004,0,comparator / candidate; >1 favors candidate for lower RMS and lower latency,"same parent, grid, schedule and spatial target; paired neural seed; classical controls reused across neural seeds; .27 and .81 horizons pooled only after same-schedule pairing","paired_rows/finite_pairs are repeated endpoint observations, not independent fields; discrete 24 independent field clusters; continuum 12","strict candidate RMS<control RMS; strict max<control max; accuracy_and_speed requires strict RMS,max,and cost wins together; no tolerance feasibility filter",results/roadmap-full-review/neural-review.json,/paired_same_schedule/source_consistency/rf_base/continuum,dfd77097a59dbc0b5af3b7dc1f57073fc459c9ddc98aec45db9da92b4a0124f6
roadmap,source_consistency,etdrk4,discrete,DESCRIPTIVE_PAIRED_MEASUREMENTS,1440,1440,899,838,2.881838718698183,0.528235363732227,0,comparator / candidate; >1 favors candidate for lower RMS and lower latency,"same parent, grid, schedule and spatial target; paired neural seed; classical controls reused across neural seeds; .27 and .81 horizons pooled only after same-schedule pairing","paired_rows/finite_pairs are repeated endpoint observations, not independent fields; discrete 24 independent field clusters; continuum 12","strict candidate RMS<control RMS; strict max<control max; accuracy_and_speed requires strict RMS,max,and cost wins together; no tolerance feasibility filter",results/roadmap-full-review/neural-review.json,/paired_same_schedule/source_consistency/etdrk4/discrete,dfd77097a59dbc0b5af3b7dc1f57073fc459c9ddc98aec45db9da92b4a0124f6
roadmap,source_consistency,etdrk4,continuum,DESCRIPTIVE_PAIRED_MEASUREMENTS,720,720,655,705,1.1801272510155758,0.526979996944157,0,comparator / candidate; >1 favors candidate for lower RMS and lower latency,"same parent, grid, schedule and spatial target; paired neural seed; classical controls reused across neural seeds; .27 and .81 horizons pooled only after same-schedule pairing","paired_rows/finite_pairs are repeated endpoint observations, not independent fields; discrete 24 independent field clusters; continuum 12","strict candidate RMS<control RMS; strict max<control max; accuracy_and_speed requires strict RMS,max,and cost wins together; no tolerance feasibility filter",results/roadmap-full-review/neural-review.json,/paired_same_schedule/source_consistency/etdrk4/continuum,dfd77097a59dbc0b5af3b7dc1f57073fc459c9ddc98aec45db9da92b4a0124f6
roadmap,source_consistency,gl3_fused,discrete,DESCRIPTIVE_PAIRED_MEASUREMENTS,1440,1440,66,36,0.08699261682138086,1.1219981442098157,33,comparator / candidate; >1 favors candidate for lower RMS and lower latency,"same parent, grid, schedule and spatial target; paired neural seed; classical controls reused across neural seeds; .27 and .81 horizons pooled only after same-schedule pairing","paired_rows/finite_pairs are repeated endpoint observations, not independent fields; discrete 24 independent field clusters; continuum 12","strict candidate RMS<control RMS; strict max<control max; accuracy_and_speed requires strict RMS,max,and cost wins together; no tolerance feasibility filter",results/roadmap-full-review/neural-review.json,/paired_same_schedule/source_consistency/gl3_fused/discrete,dfd77097a59dbc0b5af3b7dc1f57073fc459c9ddc98aec45db9da92b4a0124f6
roadmap,source_consistency,gl3_fused,continuum,DESCRIPTIVE_PAIRED_MEASUREMENTS,720,720,318,569,0.997923011544714,1.1212230502822174,305,comparator / candidate; >1 favors candidate for lower RMS and lower latency,"same parent, grid, schedule and spatial target; paired neural seed; classical controls reused across neural seeds; .27 and .81 horizons pooled only after same-schedule pairing","paired_rows/finite_pairs are repeated endpoint observations, not independent fields; discrete 24 independent field clusters; continuum 12","strict candidate RMS<control RMS; strict max<control max; accuracy_and_speed requires strict RMS,max,and cost wins together; no tolerance feasibility filter",results/roadmap-full-review/neural-review.json,/paired_same_schedule/source_consistency/gl3_fused/continuum,dfd77097a59dbc0b5af3b7dc1f57073fc459c9ddc98aec45db9da92b4a0124f6
roadmap,c2_rank2,source,discrete,DESCRIPTIVE_PAIRED_MEASUREMENTS,1440,1440,1316,1335,3.5712323229469978,0.22632382969225845,0,comparator / candidate; >1 favors candidate for lower RMS and lower latency,"same parent, grid, schedule and spatial target; paired neural seed; classical controls reused across neural seeds; .27 and .81 horizons pooled only after same-schedule pairing","paired_rows/finite_pairs are repeated endpoint observations, not independent fields; discrete 24 independent field clusters; continuum 12","strict candidate RMS<control RMS; strict max<control max; accuracy_and_speed requires strict RMS,max,and cost wins together; no tolerance feasibility filter",results/roadmap-full-review/neural-review.json,/paired_same_schedule/c2_rank2/source/discrete,dfd77097a59dbc0b5af3b7dc1f57073fc459c9ddc98aec45db9da92b4a0124f6
roadmap,c2_rank2,source,continuum,DESCRIPTIVE_PAIRED_MEASUREMENTS,720,720,382,238,1.0003192487151211,0.22651533350234723,0,comparator / candidate; >1 favors candidate for lower RMS and lower latency,"same parent, grid, schedule and spatial target; paired neural seed; classical controls reused across neural seeds; .27 and .81 horizons pooled only after same-schedule pairing","paired_rows/finite_pairs are repeated endpoint observations, not independent fields; discrete 24 independent field clusters; continuum 12","strict candidate RMS<control RMS; strict max<control max; accuracy_and_speed requires strict RMS,max,and cost wins together; no tolerance feasibility filter",results/roadmap-full-review/neural-review.json,/paired_same_schedule/c2_rank2/source/continuum,dfd77097a59dbc0b5af3b7dc1f57073fc459c9ddc98aec45db9da92b4a0124f6
roadmap,c2_rank2,source_postcompression,discrete,DESCRIPTIVE_PAIRED_MEASUREMENTS,1440,1440,1299,1318,3.6185905698329695,0.252547566521666,0,comparator / candidate; >1 favors candidate for lower RMS and lower latency,"same parent, grid, schedule and spatial target; paired neural seed; classical controls reused across neural seeds; .27 and .81 horizons pooled only after same-schedule pairing","paired_rows/finite_pairs are repeated endpoint observations, not independent fields; discrete 24 independent field clusters; continuum 12","strict candidate RMS<control RMS; strict max<control max; accuracy_and_speed requires strict RMS,max,and cost wins together; no tolerance feasibility filter",results/roadmap-full-review/neural-review.json,/paired_same_schedule/c2_rank2/source_postcompression/discrete,dfd77097a59dbc0b5af3b7dc1f57073fc459c9ddc98aec45db9da92b4a0124f6
roadmap,c2_rank2,source_postcompression,continuum,DESCRIPTIVE_PAIRED_MEASUREMENTS,720,720,336,311,0.9999802525428982,0.2525803971748917,0,comparator / candidate; >1 favors candidate for lower RMS and lower latency,"same parent, grid, schedule and spatial target; paired neural seed; classical controls reused across neural seeds; .27 and .81 horizons pooled only after same-schedule pairing","paired_rows/finite_pairs are repeated endpoint observations, not independent fields; discrete 24 independent field clusters; continuum 12","strict candidate RMS<control RMS; strict max<control max; accuracy_and_speed requires strict RMS,max,and cost wins together; no tolerance feasibility filter",results/roadmap-full-review/neural-review.json,/paired_same_schedule/c2_rank2/source_postcompression/continuum,dfd77097a59dbc0b5af3b7dc1f57073fc459c9ddc98aec45db9da92b4a0124f6
roadmap,c2_rank2,cheap_fno,discrete,DESCRIPTIVE_PAIRED_MEASUREMENTS,1440,1440,1311,1331,3.5566383549663225,0.23202812614614826,0,comparator / candidate; >1 favors candidate for lower RMS and lower latency,"same parent, grid, schedule and spatial target; paired neural seed; classical controls reused across neural seeds; .27 and .81 horizons pooled only after same-schedule pairing","paired_rows/finite_pairs are repeated endpoint observations, not independent fields; discrete 24 independent field clusters; continuum 12","strict candidate RMS<control RMS; strict max<control max; accuracy_and_speed requires strict RMS,max,and cost wins together; no tolerance feasibility filter",results/roadmap-full-review/neural-review.json,/paired_same_schedule/c2_rank2/cheap_fno/discrete,dfd77097a59dbc0b5af3b7dc1f57073fc459c9ddc98aec45db9da92b4a0124f6
roadmap,c2_rank2,cheap_fno,continuum,DESCRIPTIVE_PAIRED_MEASUREMENTS,720,720,374,221,1.0001624848551318,0.23213769351860755,0,comparator / candidate; >1 favors candidate for lower RMS and lower latency,"same parent, grid, schedule and spatial target; paired neural seed; classical controls reused across neural seeds; .27 and .81 horizons pooled only after same-schedule pairing","paired_rows/finite_pairs are repeated endpoint observations, not independent fields; discrete 24 independent field clusters; continuum 12","strict candidate RMS<control RMS; strict max<control max; accuracy_and_speed requires strict RMS,max,and cost wins together; no tolerance feasibility filter",results/roadmap-full-review/neural-review.json,/paired_same_schedule/c2_rank2/cheap_fno/continuum,dfd77097a59dbc0b5af3b7dc1f57073fc459c9ddc98aec45db9da92b4a0124f6
roadmap,c2_rank2,deep_fno,discrete,DESCRIPTIVE_PAIRED_MEASUREMENTS,1440,1440,1333,1343,3.5469512090384696,0.43124743435871404,0,comparator / candidate; >1 favors candidate for lower RMS and lower latency,"same parent, grid, schedule and spatial target; paired neural seed; classical controls reused across neural seeds; .27 and .81 horizons pooled only after same-schedule pairing","paired_rows/finite_pairs are repeated endpoint observations, not independent fields; discrete 24 independent field clusters; continuum 12","strict candidate RMS<control RMS; strict max<control max; accuracy_and_speed requires strict RMS,max,and cost wins together; no tolerance feasibility filter",results/roadmap-full-review/neural-review.json,/paired_same_schedule/c2_rank2/deep_fno/discrete,dfd77097a59dbc0b5af3b7dc1f57073fc459c9ddc98aec45db9da92b4a0124f6
roadmap,c2_rank2,deep_fno,continuum,DESCRIPTIVE_PAIRED_MEASUREMENTS,720,720,388,242,1.0005706160962116,0.43170970522673713,0,comparator / candidate; >1 favors candidate for lower RMS and lower latency,"same parent, grid, schedule and spatial target; paired neural seed; classical controls reused across neural seeds; .27 and .81 horizons pooled only after same-schedule pairing","paired_rows/finite_pairs are repeated endpoint observations, not independent fields; discrete 24 independent field clusters; continuum 12","strict candidate RMS<control RMS; strict max<control max; accuracy_and_speed requires strict RMS,max,and cost wins together; no tolerance feasibility filter",results/roadmap-full-review/neural-review.json,/paired_same_schedule/c2_rank2/deep_fno/continuum,dfd77097a59dbc0b5af3b7dc1f57073fc459c9ddc98aec45db9da92b4a0124f6
roadmap,c2_rank2,direct_fno,discrete,DESCRIPTIVE_PAIRED_MEASUREMENTS,1440,1440,1440,1440,29522.633374240177,0.3259575913695436,0,comparator / candidate; >1 favors candidate for lower RMS and lower latency,"same parent, grid, schedule and spatial target; paired neural seed; classical controls reused across neural seeds; .27 and .81 horizons pooled only after same-schedule pairing","paired_rows/finite_pairs are repeated endpoint observations, not independent fields; discrete 24 independent field clusters; continuum 12","strict candidate RMS<control RMS; strict max<control max; accuracy_and_speed requires strict RMS,max,and cost wins together; no tolerance feasibility filter",results/roadmap-full-review/neural-review.json,/paired_same_schedule/c2_rank2/direct_fno/discrete,dfd77097a59dbc0b5af3b7dc1f57073fc459c9ddc98aec45db9da92b4a0124f6
roadmap,c2_rank2,direct_fno,continuum,DESCRIPTIVE_PAIRED_MEASUREMENTS,720,720,720,720,1125.9360627285819,0.32639303103235306,0,comparator / candidate; >1 favors candidate for lower RMS and lower latency,"same parent, grid, schedule and spatial target; paired neural seed; classical controls reused across neural seeds; .27 and .81 horizons pooled only after same-schedule pairing","paired_rows/finite_pairs are repeated endpoint observations, not independent fields; discrete 24 independent field clusters; continuum 12","strict candidate RMS<control RMS; strict max<control max; accuracy_and_speed requires strict RMS,max,and cost wins together; no tolerance feasibility filter",results/roadmap-full-review/neural-review.json,/paired_same_schedule/c2_rank2/direct_fno/continuum,dfd77097a59dbc0b5af3b7dc1f57073fc459c9ddc98aec45db9da92b4a0124f6
roadmap,c2_rank2,df_base,discrete,DESCRIPTIVE_PAIRED_MEASUREMENTS,1440,1440,1281,1302,3.5474016376718853,0.07115410820688366,0,comparator / candidate; >1 favors candidate for lower RMS and lower latency,"same parent, grid, schedule and spatial target; paired neural seed; classical controls reused across neural seeds; .27 and .81 horizons pooled only after same-schedule pairing","paired_rows/finite_pairs are repeated endpoint observations, not independent fields; discrete 24 independent field clusters; continuum 12","strict candidate RMS<control RMS; strict max<control max; accuracy_and_speed requires strict RMS,max,and cost wins together; no tolerance feasibility filter",results/roadmap-full-review/neural-review.json,/paired_same_schedule/c2_rank2/df_base/discrete,dfd77097a59dbc0b5af3b7dc1f57073fc459c9ddc98aec45db9da92b4a0124f6
roadmap,c2_rank2,df_base,continuum,DESCRIPTIVE_PAIRED_MEASUREMENTS,720,720,431,265,1.001605842402034,0.07124829567163464,0,comparator / candidate; >1 favors candidate for lower RMS and lower latency,"same parent, grid, schedule and spatial target; paired neural seed; classical controls reused across neural seeds; .27 and .81 horizons pooled only after same-schedule pairing","paired_rows/finite_pairs are repeated endpoint observations, not independent fields; discrete 24 independent field clusters; continuum 12","strict candidate RMS<control RMS; strict max<control max; accuracy_and_speed requires strict RMS,max,and cost wins together; no tolerance feasibility filter",results/roadmap-full-review/neural-review.json,/paired_same_schedule/c2_rank2/df_base/continuum,dfd77097a59dbc0b5af3b7dc1f57073fc459c9ddc98aec45db9da92b4a0124f6
roadmap,c2_rank2,df_quad2,discrete,DESCRIPTIVE_PAIRED_MEASUREMENTS,1440,1440,486,543,0.870466742631633,0.3365356507539028,0,comparator / candidate; >1 favors candidate for lower RMS and lower latency,"same parent, grid, schedule and spatial target; paired neural seed; classical controls reused across neural seeds; .27 and .81 horizons pooled only after same-schedule pairing","paired_rows/finite_pairs are repeated endpoint observations, not independent fields; discrete 24 independent field clusters; continuum 12","strict candidate RMS<control RMS; strict max<control max; accuracy_and_speed requires strict RMS,max,and cost wins together; no tolerance feasibility filter",results/roadmap-full-review/neural-review.json,/paired_same_schedule/c2_rank2/df_quad2/discrete,dfd77097a59dbc0b5af3b7dc1f57073fc459c9ddc98aec45db9da92b4a0124f6
roadmap,c2_rank2,df_quad2,continuum,DESCRIPTIVE_PAIRED_MEASUREMENTS,720,720,370,372,1.0000206530870912,0.3367911211964859,0,comparator / candidate; >1 favors candidate for lower RMS and lower latency,"same parent, grid, schedule and spatial target; paired neural seed; classical controls reused across neural seeds; .27 and .81 horizons pooled only after same-schedule pairing","paired_rows/finite_pairs are repeated endpoint observations, not independent fields; discrete 24 independent field clusters; continuum 12","strict candidate RMS<control RMS; strict max<control max; accuracy_and_speed requires strict RMS,max,and cost wins together; no tolerance feasibility filter",results/roadmap-full-review/neural-review.json,/paired_same_schedule/c2_rank2/df_quad2/continuum,dfd77097a59dbc0b5af3b7dc1f57073fc459c9ddc98aec45db9da92b4a0124f6
roadmap,c2_rank2,rf_base,discrete,DESCRIPTIVE_PAIRED_MEASUREMENTS,1440,1440,1408,1383,6.988657000497366,0.07865987363715182,0,comparator / candidate; >1 favors candidate for lower RMS and lower latency,"same parent, grid, schedule and spatial target; paired neural seed; classical controls reused across neural seeds; .27 and .81 horizons pooled only after same-schedule pairing","paired_rows/finite_pairs are repeated endpoint observations, not independent fields; discrete 24 independent field clusters; continuum 12","strict candidate RMS<control RMS; strict max<control max; accuracy_and_speed requires strict RMS,max,and cost wins together; no tolerance feasibility filter",results/roadmap-full-review/neural-review.json,/paired_same_schedule/c2_rank2/rf_base/discrete,dfd77097a59dbc0b5af3b7dc1f57073fc459c9ddc98aec45db9da92b4a0124f6
roadmap,c2_rank2,rf_base,continuum,DESCRIPTIVE_PAIRED_MEASUREMENTS,720,720,639,720,1.1188534964254981,0.07862137713213838,0,comparator / candidate; >1 favors candidate for lower RMS and lower latency,"same parent, grid, schedule and spatial target; paired neural seed; classical controls reused across neural seeds; .27 and .81 horizons pooled only after same-schedule pairing","paired_rows/finite_pairs are repeated endpoint observations, not independent fields; discrete 24 independent field clusters; continuum 12","strict candidate RMS<control RMS; strict max<control max; accuracy_and_speed requires strict RMS,max,and cost wins together; no tolerance feasibility filter",results/roadmap-full-review/neural-review.json,/paired_same_schedule/c2_rank2/rf_base/continuum,dfd77097a59dbc0b5af3b7dc1f57073fc459c9ddc98aec45db9da92b4a0124f6
roadmap,c2_rank2,etdrk4,discrete,DESCRIPTIVE_PAIRED_MEASUREMENTS,1440,1440,1254,1218,9.858438345509532,0.11975431774803688,0,comparator / candidate; >1 favors candidate for lower RMS and lower latency,"same parent, grid, schedule and spatial target; paired neural seed; classical controls reused across neural seeds; .27 and .81 horizons pooled only after same-schedule pairing","paired_rows/finite_pairs are repeated endpoint observations, not independent fields; discrete 24 independent field clusters; continuum 12","strict candidate RMS<control RMS; strict max<control max; accuracy_and_speed requires strict RMS,max,and cost wins together; no tolerance feasibility filter",results/roadmap-full-review/neural-review.json,/paired_same_schedule/c2_rank2/etdrk4/discrete,dfd77097a59dbc0b5af3b7dc1f57073fc459c9ddc98aec45db9da92b4a0124f6
roadmap,c2_rank2,etdrk4,continuum,DESCRIPTIVE_PAIRED_MEASUREMENTS,720,720,615,627,1.1201739534278317,0.11952080472640844,0,comparator / candidate; >1 favors candidate for lower RMS and lower latency,"same parent, grid, schedule and spatial target; paired neural seed; classical controls reused across neural seeds; .27 and .81 horizons pooled only after same-schedule pairing","paired_rows/finite_pairs are repeated endpoint observations, not independent fields; discrete 24 independent field clusters; continuum 12","strict candidate RMS<control RMS; strict max<control max; accuracy_and_speed requires strict RMS,max,and cost wins together; no tolerance feasibility filter",results/roadmap-full-review/neural-review.json,/paired_same_schedule/c2_rank2/etdrk4/continuum,dfd77097a59dbc0b5af3b7dc1f57073fc459c9ddc98aec45db9da92b4a0124f6
roadmap,c2_rank2,gl3_fused,discrete,DESCRIPTIVE_PAIRED_MEASUREMENTS,1440,1440,214,208,0.41392450888697624,0.2543254732981274,0,comparator / candidate; >1 favors candidate for lower RMS and lower latency,"same parent, grid, schedule and spatial target; paired neural seed; classical controls reused across neural seeds; .27 and .81 horizons pooled only after same-schedule pairing","paired_rows/finite_pairs are repeated endpoint observations, not independent fields; discrete 24 independent field clusters; continuum 12","strict candidate RMS<control RMS; strict max<control max; accuracy_and_speed requires strict RMS,max,and cost wins together; no tolerance feasibility filter",results/roadmap-full-review/neural-review.json,/paired_same_schedule/c2_rank2/gl3_fused/discrete,dfd77097a59dbc0b5af3b7dc1f57073fc459c9ddc98aec45db9da92b4a0124f6
roadmap,c2_rank2,gl3_fused,continuum,DESCRIPTIVE_PAIRED_MEASUREMENTS,720,720,419,589,1.0000420738332627,0.2542339440220004,0,comparator / candidate; >1 favors candidate for lower RMS and lower latency,"same parent, grid, schedule and spatial target; paired neural seed; classical controls reused across neural seeds; .27 and .81 horizons pooled only after same-schedule pairing","paired_rows/finite_pairs are repeated endpoint observations, not independent fields; discrete 24 independent field clusters; continuum 12","strict candidate RMS<control RMS; strict max<control max; accuracy_and_speed requires strict RMS,max,and cost wins together; no tolerance feasibility filter",results/roadmap-full-review/neural-review.json,/paired_same_schedule/c2_rank2/gl3_fused/continuum,dfd77097a59dbc0b5af3b7dc1f57073fc459c9ddc98aec45db9da92b4a0124f6
roadmap,rank2,source,discrete,DESCRIPTIVE_PAIRED_MEASUREMENTS,1440,1440,1392,1376,2.3435521093810276,0.3961092886212715,0,comparator / candidate; >1 favors candidate for lower RMS and lower latency,"same parent, grid, schedule and spatial target; paired neural seed; classical controls reused across neural seeds; .27 and .81 horizons pooled only after same-schedule pairing","paired_rows/finite_pairs are repeated endpoint observations, not independent fields; discrete 24 independent field clusters; continuum 12","strict candidate RMS<control RMS; strict max<control max; accuracy_and_speed requires strict RMS,max,and cost wins together; no tolerance feasibility filter",results/roadmap-full-review/neural-review.json,/paired_same_schedule/rank2/source/discrete,dfd77097a59dbc0b5af3b7dc1f57073fc459c9ddc98aec45db9da92b4a0124f6
roadmap,rank2,source,continuum,DESCRIPTIVE_PAIRED_MEASUREMENTS,720,720,347,229,0.9999896818875649,0.3963484388565861,0,comparator / candidate; >1 favors candidate for lower RMS and lower latency,"same parent, grid, schedule and spatial target; paired neural seed; classical controls reused across neural seeds; .27 and .81 horizons pooled only after same-schedule pairing","paired_rows/finite_pairs are repeated endpoint observations, not independent fields; discrete 24 independent field clusters; continuum 12","strict candidate RMS<control RMS; strict max<control max; accuracy_and_speed requires strict RMS,max,and cost wins together; no tolerance feasibility filter",results/roadmap-full-review/neural-review.json,/paired_same_schedule/rank2/source/continuum,dfd77097a59dbc0b5af3b7dc1f57073fc459c9ddc98aec45db9da92b4a0124f6
roadmap,rank2,source_postcompression,discrete,DESCRIPTIVE_PAIRED_MEASUREMENTS,1440,1440,1370,1351,2.305081496994348,0.44202786288279927,0,comparator / candidate; >1 favors candidate for lower RMS and lower latency,"same parent, grid, schedule and spatial target; paired neural seed; classical controls reused across neural seeds; .27 and .81 horizons pooled only after same-schedule pairing","paired_rows/finite_pairs are repeated endpoint observations, not independent fields; discrete 24 independent field clusters; continuum 12","strict candidate RMS<control RMS; strict max<control max; accuracy_and_speed requires strict RMS,max,and cost wins together; no tolerance feasibility filter",results/roadmap-full-review/neural-review.json,/paired_same_schedule/rank2/source_postcompression/discrete,dfd77097a59dbc0b5af3b7dc1f57073fc459c9ddc98aec45db9da92b4a0124f6
roadmap,rank2,source_postcompression,continuum,DESCRIPTIVE_PAIRED_MEASUREMENTS,720,720,342,329,0.9999885157141306,0.44227725003663176,0,comparator / candidate; >1 favors candidate for lower RMS and lower latency,"same parent, grid, schedule and spatial target; paired neural seed; classical controls reused across neural seeds; .27 and .81 horizons pooled only after same-schedule pairing","paired_rows/finite_pairs are repeated endpoint observations, not independent fields; discrete 24 independent field clusters; continuum 12","strict candidate RMS<control RMS; strict max<control max; accuracy_and_speed requires strict RMS,max,and cost wins together; no tolerance feasibility filter",results/roadmap-full-review/neural-review.json,/paired_same_schedule/rank2/source_postcompression/continuum,dfd77097a59dbc0b5af3b7dc1f57073fc459c9ddc98aec45db9da92b4a0124f6
roadmap,rank2,cheap_fno,discrete,DESCRIPTIVE_PAIRED_MEASUREMENTS,1440,1440,1396,1379,2.3155710261544127,0.40593435015322277,0,comparator / candidate; >1 favors candidate for lower RMS and lower latency,"same parent, grid, schedule and spatial target; paired neural seed; classical controls reused across neural seeds; .27 and .81 horizons pooled only after same-schedule pairing","paired_rows/finite_pairs are repeated endpoint observations, not independent fields; discrete 24 independent field clusters; continuum 12","strict candidate RMS<control RMS; strict max<control max; accuracy_and_speed requires strict RMS,max,and cost wins together; no tolerance feasibility filter",results/roadmap-full-review/neural-review.json,/paired_same_schedule/rank2/cheap_fno/discrete,dfd77097a59dbc0b5af3b7dc1f57073fc459c9ddc98aec45db9da92b4a0124f6
roadmap,rank2,cheap_fno,continuum,DESCRIPTIVE_PAIRED_MEASUREMENTS,720,720,355,228,1.0,0.40596938219734713,0,comparator / candidate; >1 favors candidate for lower RMS and lower latency,"same parent, grid, schedule and spatial target; paired neural seed; classical controls reused across neural seeds; .27 and .81 horizons pooled only after same-schedule pairing","paired_rows/finite_pairs are repeated endpoint observations, not independent fields; discrete 24 independent field clusters; continuum 12","strict candidate RMS<control RMS; strict max<control max; accuracy_and_speed requires strict RMS,max,and cost wins together; no tolerance feasibility filter",results/roadmap-full-review/neural-review.json,/paired_same_schedule/rank2/cheap_fno/continuum,dfd77097a59dbc0b5af3b7dc1f57073fc459c9ddc98aec45db9da92b4a0124f6
roadmap,rank2,deep_fno,discrete,DESCRIPTIVE_PAIRED_MEASUREMENTS,1440,1440,1388,1372,2.3271247407851883,0.75506172524563,0,comparator / candidate; >1 favors candidate for lower RMS and lower latency,"same parent, grid, schedule and spatial target; paired neural seed; classical controls reused across neural seeds; .27 and .81 horizons pooled only after same-schedule pairing","paired_rows/finite_pairs are repeated endpoint observations, not independent fields; discrete 24 independent field clusters; continuum 12","strict candidate RMS<control RMS; strict max<control max; accuracy_and_speed requires strict RMS,max,and cost wins together; no tolerance feasibility filter",results/roadmap-full-review/neural-review.json,/paired_same_schedule/rank2/deep_fno/discrete,dfd77097a59dbc0b5af3b7dc1f57073fc459c9ddc98aec45db9da92b4a0124f6
roadmap,rank2,deep_fno,continuum,DESCRIPTIVE_PAIRED_MEASUREMENTS,720,720,352,226,1.0,0.7556608206151771,0,comparator / candidate; >1 favors candidate for lower RMS and lower latency,"same parent, grid, schedule and spatial target; paired neural seed; classical controls reused across neural seeds; .27 and .81 horizons pooled only after same-schedule pairing","paired_rows/finite_pairs are repeated endpoint observations, not independent fields; discrete 24 independent field clusters; continuum 12","strict candidate RMS<control RMS; strict max<control max; accuracy_and_speed requires strict RMS,max,and cost wins together; no tolerance feasibility filter",results/roadmap-full-review/neural-review.json,/paired_same_schedule/rank2/deep_fno/continuum,dfd77097a59dbc0b5af3b7dc1f57073fc459c9ddc98aec45db9da92b4a0124f6
roadmap,rank2,direct_fno,discrete,DESCRIPTIVE_PAIRED_MEASUREMENTS,1440,1440,1440,1440,7885.872160005706,0.5706464662151163,0,comparator / candidate; >1 favors candidate for lower RMS and lower latency,"same parent, grid, schedule and spatial target; paired neural seed; classical controls reused across neural seeds; .27 and .81 horizons pooled only after same-schedule pairing","paired_rows/finite_pairs are repeated endpoint observations, not independent fields; discrete 24 independent field clusters; continuum 12","strict candidate RMS<control RMS; strict max<control max; accuracy_and_speed requires strict RMS,max,and cost wins together; no tolerance feasibility filter",results/roadmap-full-review/neural-review.json,/paired_same_schedule/rank2/direct_fno/discrete,dfd77097a59dbc0b5af3b7dc1f57073fc459c9ddc98aec45db9da92b4a0124f6
roadmap,rank2,direct_fno,continuum,DESCRIPTIVE_PAIRED_MEASUREMENTS,720,720,720,720,1160.3468604754407,0.570981343034275,0,comparator / candidate; >1 favors candidate for lower RMS and lower latency,"same parent, grid, schedule and spatial target; paired neural seed; classical controls reused across neural seeds; .27 and .81 horizons pooled only after same-schedule pairing","paired_rows/finite_pairs are repeated endpoint observations, not independent fields; discrete 24 independent field clusters; continuum 12","strict candidate RMS<control RMS; strict max<control max; accuracy_and_speed requires strict RMS,max,and cost wins together; no tolerance feasibility filter",results/roadmap-full-review/neural-review.json,/paired_same_schedule/rank2/direct_fno/continuum,dfd77097a59dbc0b5af3b7dc1f57073fc459c9ddc98aec45db9da92b4a0124f6
roadmap,rank2,df_base,discrete,DESCRIPTIVE_PAIRED_MEASUREMENTS,1440,1440,1366,1355,2.3130980834686783,0.12438405305331425,0,comparator / candidate; >1 favors candidate for lower RMS and lower latency,"same parent, grid, schedule and spatial target; paired neural seed; classical controls reused across neural seeds; .27 and .81 horizons pooled only after same-schedule pairing","paired_rows/finite_pairs are repeated endpoint observations, not independent fields; discrete 24 independent field clusters; continuum 12","strict candidate RMS<control RMS; strict max<control max; accuracy_and_speed requires strict RMS,max,and cost wins together; no tolerance feasibility filter",results/roadmap-full-review/neural-review.json,/paired_same_schedule/rank2/df_base/discrete,dfd77097a59dbc0b5af3b7dc1f57073fc459c9ddc98aec45db9da92b4a0124f6
roadmap,rank2,df_base,continuum,DESCRIPTIVE_PAIRED_MEASUREMENTS,720,720,440,269,1.001597586869269,0.12456611748809916,0,comparator / candidate; >1 favors candidate for lower RMS and lower latency,"same parent, grid, schedule and spatial target; paired neural seed; classical controls reused across neural seeds; .27 and .81 horizons pooled only after same-schedule pairing","paired_rows/finite_pairs are repeated endpoint observations, not independent fields; discrete 24 independent field clusters; continuum 12","strict candidate RMS<control RMS; strict max<control max; accuracy_and_speed requires strict RMS,max,and cost wins together; no tolerance feasibility filter",results/roadmap-full-review/neural-review.json,/paired_same_schedule/rank2/df_base/continuum,dfd77097a59dbc0b5af3b7dc1f57073fc459c9ddc98aec45db9da92b4a0124f6
roadmap,rank2,df_quad2,discrete,DESCRIPTIVE_PAIRED_MEASUREMENTS,1440,1440,137,152,0.2924196405822256,0.5888637772689382,0,comparator / candidate; >1 favors candidate for lower RMS and lower latency,"same parent, grid, schedule and spatial target; paired neural seed; classical controls reused across neural seeds; .27 and .81 horizons pooled only after same-schedule pairing","paired_rows/finite_pairs are repeated endpoint observations, not independent fields; discrete 24 independent field clusters; continuum 12","strict candidate RMS<control RMS; strict max<control max; accuracy_and_speed requires strict RMS,max,and cost wins together; no tolerance feasibility filter",results/roadmap-full-review/neural-review.json,/paired_same_schedule/rank2/df_quad2/discrete,dfd77097a59dbc0b5af3b7dc1f57073fc459c9ddc98aec45db9da92b4a0124f6
roadmap,rank2,df_quad2,continuum,DESCRIPTIVE_PAIRED_MEASUREMENTS,720,720,507,592,1.0003898567882672,0.5892379383942192,1,comparator / candidate; >1 favors candidate for lower RMS and lower latency,"same parent, grid, schedule and spatial target; paired neural seed; classical controls reused across neural seeds; .27 and .81 horizons pooled only after same-schedule pairing","paired_rows/finite_pairs are repeated endpoint observations, not independent fields; discrete 24 independent field clusters; continuum 12","strict candidate RMS<control RMS; strict max<control max; accuracy_and_speed requires strict RMS,max,and cost wins together; no tolerance feasibility filter",results/roadmap-full-review/neural-review.json,/paired_same_schedule/rank2/df_quad2/continuum,dfd77097a59dbc0b5af3b7dc1f57073fc459c9ddc98aec45db9da92b4a0124f6
roadmap,rank2,rf_base,discrete,DESCRIPTIVE_PAIRED_MEASUREMENTS,1440,1440,1352,1306,4.805456664334292,0.13735522905150682,0,comparator / candidate; >1 favors candidate for lower RMS and lower latency,"same parent, grid, schedule and spatial target; paired neural seed; classical controls reused across neural seeds; .27 and .81 horizons pooled only after same-schedule pairing","paired_rows/finite_pairs are repeated endpoint observations, not independent fields; discrete 24 independent field clusters; continuum 12","strict candidate RMS<control RMS; strict max<control max; accuracy_and_speed requires strict RMS,max,and cost wins together; no tolerance feasibility filter",results/roadmap-full-review/neural-review.json,/paired_same_schedule/rank2/rf_base/discrete,dfd77097a59dbc0b5af3b7dc1f57073fc459c9ddc98aec45db9da92b4a0124f6
roadmap,rank2,rf_base,continuum,DESCRIPTIVE_PAIRED_MEASUREMENTS,720,720,620,720,1.1151098341344499,0.13740689350939755,0,comparator / candidate; >1 favors candidate for lower RMS and lower latency,"same parent, grid, schedule and spatial target; paired neural seed; classical controls reused across neural seeds; .27 and .81 horizons pooled only after same-schedule pairing","paired_rows/finite_pairs are repeated endpoint observations, not independent fields; discrete 24 independent field clusters; continuum 12","strict candidate RMS<control RMS; strict max<control max; accuracy_and_speed requires strict RMS,max,and cost wins together; no tolerance feasibility filter",results/roadmap-full-review/neural-review.json,/paired_same_schedule/rank2/rf_base/continuum,dfd77097a59dbc0b5af3b7dc1f57073fc459c9ddc98aec45db9da92b4a0124f6
roadmap,rank2,etdrk4,discrete,DESCRIPTIVE_PAIRED_MEASUREMENTS,1440,1440,1016,973,5.2644138449028866,0.20934344576051284,0,comparator / candidate; >1 favors candidate for lower RMS and lower latency,"same parent, grid, schedule and spatial target; paired neural seed; classical controls reused across neural seeds; .27 and .81 horizons pooled only after same-schedule pairing","paired_rows/finite_pairs are repeated endpoint observations, not independent fields; discrete 24 independent field clusters; continuum 12","strict candidate RMS<control RMS; strict max<control max; accuracy_and_speed requires strict RMS,max,and cost wins together; no tolerance feasibility filter",results/roadmap-full-review/neural-review.json,/paired_same_schedule/rank2/etdrk4/discrete,dfd77097a59dbc0b5af3b7dc1f57073fc459c9ddc98aec45db9da92b4a0124f6
roadmap,rank2,etdrk4,continuum,DESCRIPTIVE_PAIRED_MEASUREMENTS,720,720,648,708,1.1358307601750497,0.2089902317653409,0,comparator / candidate; >1 favors candidate for lower RMS and lower latency,"same parent, grid, schedule and spatial target; paired neural seed; classical controls reused across neural seeds; .27 and .81 horizons pooled only after same-schedule pairing","paired_rows/finite_pairs are repeated endpoint observations, not independent fields; discrete 24 independent field clusters; continuum 12","strict candidate RMS<control RMS; strict max<control max; accuracy_and_speed requires strict RMS,max,and cost wins together; no tolerance feasibility filter",results/roadmap-full-review/neural-review.json,/paired_same_schedule/rank2/etdrk4/continuum,dfd77097a59dbc0b5af3b7dc1f57073fc459c9ddc98aec45db9da92b4a0124f6
roadmap,rank2,gl3_fused,discrete,DESCRIPTIVE_PAIRED_MEASUREMENTS,1440,1440,108,133,0.2100600658992698,0.44520313987598337,0,comparator / candidate; >1 favors candidate for lower RMS and lower latency,"same parent, grid, schedule and spatial target; paired neural seed; classical controls reused across neural seeds; .27 and .81 horizons pooled only after same-schedule pairing","paired_rows/finite_pairs are repeated endpoint observations, not independent fields; discrete 24 independent field clusters; continuum 12","strict candidate RMS<control RMS; strict max<control max; accuracy_and_speed requires strict RMS,max,and cost wins together; no tolerance feasibility filter",results/roadmap-full-review/neural-review.json,/paired_same_schedule/rank2/gl3_fused/discrete,dfd77097a59dbc0b5af3b7dc1f57073fc459c9ddc98aec45db9da92b4a0124f6
roadmap,rank2,gl3_fused,continuum,DESCRIPTIVE_PAIRED_MEASUREMENTS,720,720,390,629,1.0000737968989923,0.44544046301956003,0,comparator / candidate; >1 favors candidate for lower RMS and lower latency,"same parent, grid, schedule and spatial target; paired neural seed; classical controls reused across neural seeds; .27 and .81 horizons pooled only after same-schedule pairing","paired_rows/finite_pairs are repeated endpoint observations, not independent fields; discrete 24 independent field clusters; continuum 12","strict candidate RMS<control RMS; strict max<control max; accuracy_and_speed requires strict RMS,max,and cost wins together; no tolerance feasibility filter",results/roadmap-full-review/neural-review.json,/paired_same_schedule/rank2/gl3_fused/continuum,dfd77097a59dbc0b5af3b7dc1f57073fc459c9ddc98aec45db9da92b4a0124f6
roadmap,source_multiband,source,discrete,DESCRIPTIVE_PAIRED_MEASUREMENTS,1440,1440,632,611,1.0,0.7233360339442376,0,comparator / candidate; >1 favors candidate for lower RMS and lower latency,"same parent, grid, schedule and spatial target; paired neural seed; classical controls reused across neural seeds; .27 and .81 horizons pooled only after same-schedule pairing","paired_rows/finite_pairs are repeated endpoint observations, not independent fields; discrete 24 independent field clusters; continuum 12","strict candidate RMS<control RMS; strict max<control max; accuracy_and_speed requires strict RMS,max,and cost wins together; no tolerance feasibility filter",results/roadmap-full-review/neural-review.json,/paired_same_schedule/source_multiband/source/discrete,dfd77097a59dbc0b5af3b7dc1f57073fc459c9ddc98aec45db9da92b4a0124f6
roadmap,source_multiband,source,continuum,DESCRIPTIVE_PAIRED_MEASUREMENTS,720,720,341,314,1.0,0.7235093287710451,0,comparator / candidate; >1 favors candidate for lower RMS and lower latency,"same parent, grid, schedule and spatial target; paired neural seed; classical controls reused across neural seeds; .27 and .81 horizons pooled only after same-schedule pairing","paired_rows/finite_pairs are repeated endpoint observations, not independent fields; discrete 24 independent field clusters; continuum 12","strict candidate RMS<control RMS; strict max<control max; accuracy_and_speed requires strict RMS,max,and cost wins together; no tolerance feasibility filter",results/roadmap-full-review/neural-review.json,/paired_same_schedule/source_multiband/source/continuum,dfd77097a59dbc0b5af3b7dc1f57073fc459c9ddc98aec45db9da92b4a0124f6
roadmap,source_multiband,source_postcompression,discrete,DESCRIPTIVE_PAIRED_MEASUREMENTS,1440,1440,722,588,1.0000078365731677,0.8071720568651358,1,comparator / candidate; >1 favors candidate for lower RMS and lower latency,"same parent, grid, schedule and spatial target; paired neural seed; classical controls reused across neural seeds; .27 and .81 horizons pooled only after same-schedule pairing","paired_rows/finite_pairs are repeated endpoint observations, not independent fields; discrete 24 independent field clusters; continuum 12","strict candidate RMS<control RMS; strict max<control max; accuracy_and_speed requires strict RMS,max,and cost wins together; no tolerance feasibility filter",results/roadmap-full-review/neural-review.json,/paired_same_schedule/source_multiband/source_postcompression/discrete,dfd77097a59dbc0b5af3b7dc1f57073fc459c9ddc98aec45db9da92b4a0124f6
roadmap,source_multiband,source_postcompression,continuum,DESCRIPTIVE_PAIRED_MEASUREMENTS,720,720,318,417,1.0,0.8071949151862877,2,comparator / candidate; >1 favors candidate for lower RMS and lower latency,"same parent, grid, schedule and spatial target; paired neural seed; classical controls reused across neural seeds; .27 and .81 horizons pooled only after same-schedule pairing","paired_rows/finite_pairs are repeated endpoint observations, not independent fields; discrete 24 independent field clusters; continuum 12","strict candidate RMS<control RMS; strict max<control max; accuracy_and_speed requires strict RMS,max,and cost wins together; no tolerance feasibility filter",results/roadmap-full-review/neural-review.json,/paired_same_schedule/source_multiband/source_postcompression/continuum,dfd77097a59dbc0b5af3b7dc1f57073fc459c9ddc98aec45db9da92b4a0124f6
roadmap,source_multiband,cheap_fno,discrete,DESCRIPTIVE_PAIRED_MEASUREMENTS,1440,1440,539,464,1.0,0.7417306625813146,0,comparator / candidate; >1 favors candidate for lower RMS and lower latency,"same parent, grid, schedule and spatial target; paired neural seed; classical controls reused across neural seeds; .27 and .81 horizons pooled only after same-schedule pairing","paired_rows/finite_pairs are repeated endpoint observations, not independent fields; discrete 24 independent field clusters; continuum 12","strict candidate RMS<control RMS; strict max<control max; accuracy_and_speed requires strict RMS,max,and cost wins together; no tolerance feasibility filter",results/roadmap-full-review/neural-review.json,/paired_same_schedule/source_multiband/cheap_fno/discrete,dfd77097a59dbc0b5af3b7dc1f57073fc459c9ddc98aec45db9da92b4a0124f6
roadmap,source_multiband,cheap_fno,continuum,DESCRIPTIVE_PAIRED_MEASUREMENTS,720,720,244,190,1.0,0.7419347035619258,0,comparator / candidate; >1 favors candidate for lower RMS and lower latency,"same parent, grid, schedule and spatial target; paired neural seed; classical controls reused across neural seeds; .27 and .81 horizons pooled only after same-schedule pairing","paired_rows/finite_pairs are repeated endpoint observations, not independent fields; discrete 24 independent field clusters; continuum 12","strict candidate RMS<control RMS; strict max<control max; accuracy_and_speed requires strict RMS,max,and cost wins together; no tolerance feasibility filter",results/roadmap-full-review/neural-review.json,/paired_same_schedule/source_multiband/cheap_fno/continuum,dfd77097a59dbc0b5af3b7dc1f57073fc459c9ddc98aec45db9da92b4a0124f6
roadmap,source_multiband,deep_fno,discrete,DESCRIPTIVE_PAIRED_MEASUREMENTS,1440,1440,585,554,1.0,1.37932070212177,408,comparator / candidate; >1 favors candidate for lower RMS and lower latency,"same parent, grid, schedule and spatial target; paired neural seed; classical controls reused across neural seeds; .27 and .81 horizons pooled only after same-schedule pairing","paired_rows/finite_pairs are repeated endpoint observations, not independent fields; discrete 24 independent field clusters; continuum 12","strict candidate RMS<control RMS; strict max<control max; accuracy_and_speed requires strict RMS,max,and cost wins together; no tolerance feasibility filter",results/roadmap-full-review/neural-review.json,/paired_same_schedule/source_multiband/deep_fno/discrete,dfd77097a59dbc0b5af3b7dc1f57073fc459c9ddc98aec45db9da92b4a0124f6
roadmap,source_multiband,deep_fno,continuum,DESCRIPTIVE_PAIRED_MEASUREMENTS,720,720,332,277,1.0,1.379740656846467,230,comparator / candidate; >1 favors candidate for lower RMS and lower latency,"same parent, grid, schedule and spatial target; paired neural seed; classical controls reused across neural seeds; .27 and .81 horizons pooled only after same-schedule pairing","paired_rows/finite_pairs are repeated endpoint observations, not independent fields; discrete 24 independent field clusters; continuum 12","strict candidate RMS<control RMS; strict max<control max; accuracy_and_speed requires strict RMS,max,and cost wins together; no tolerance feasibility filter",results/roadmap-full-review/neural-review.json,/paired_same_schedule/source_multiband/deep_fno/continuum,dfd77097a59dbc0b5af3b7dc1f57073fc459c9ddc98aec45db9da92b4a0124f6
roadmap,source_multiband,direct_fno,discrete,DESCRIPTIVE_PAIRED_MEASUREMENTS,1440,1440,1440,1440,3211.443629612567,1.042148766283655,1367,comparator / candidate; >1 favors candidate for lower RMS and lower latency,"same parent, grid, schedule and spatial target; paired neural seed; classical controls reused across neural seeds; .27 and .81 horizons pooled only after same-schedule pairing","paired_rows/finite_pairs are repeated endpoint observations, not independent fields; discrete 24 independent field clusters; continuum 12","strict candidate RMS<control RMS; strict max<control max; accuracy_and_speed requires strict RMS,max,and cost wins together; no tolerance feasibility filter",results/roadmap-full-review/neural-review.json,/paired_same_schedule/source_multiband/direct_fno/discrete,dfd77097a59dbc0b5af3b7dc1f57073fc459c9ddc98aec45db9da92b4a0124f6
roadmap,source_multiband,direct_fno,continuum,DESCRIPTIVE_PAIRED_MEASUREMENTS,720,720,720,720,950.1786701246272,1.0429166035248958,675,comparator / candidate; >1 favors candidate for lower RMS and lower latency,"same parent, grid, schedule and spatial target; paired neural seed; classical controls reused across neural seeds; .27 and .81 horizons pooled only after same-schedule pairing","paired_rows/finite_pairs are repeated endpoint observations, not independent fields; discrete 24 independent field clusters; continuum 12","strict candidate RMS<control RMS; strict max<control max; accuracy_and_speed requires strict RMS,max,and cost wins together; no tolerance feasibility filter",results/roadmap-full-review/neural-review.json,/paired_same_schedule/source_multiband/direct_fno/continuum,dfd77097a59dbc0b5af3b7dc1f57073fc459c9ddc98aec45db9da92b4a0124f6
roadmap,source_multiband,df_base,discrete,DESCRIPTIVE_PAIRED_MEASUREMENTS,1440,1440,710,617,1.0,0.22715012509153987,0,comparator / candidate; >1 favors candidate for lower RMS and lower latency,"same parent, grid, schedule and spatial target; paired neural seed; classical controls reused across neural seeds; .27 and .81 horizons pooled only after same-schedule pairing","paired_rows/finite_pairs are repeated endpoint observations, not independent fields; discrete 24 independent field clusters; continuum 12","strict candidate RMS<control RMS; strict max<control max; accuracy_and_speed requires strict RMS,max,and cost wins together; no tolerance feasibility filter",results/roadmap-full-review/neural-review.json,/paired_same_schedule/source_multiband/df_base/discrete,dfd77097a59dbc0b5af3b7dc1f57073fc459c9ddc98aec45db9da92b4a0124f6
roadmap,source_multiband,df_base,continuum,DESCRIPTIVE_PAIRED_MEASUREMENTS,720,720,505,378,1.0002319467542873,0.22771229478891308,0,comparator / candidate; >1 favors candidate for lower RMS and lower latency,"same parent, grid, schedule and spatial target; paired neural seed; classical controls reused across neural seeds; .27 and .81 horizons pooled only after same-schedule pairing","paired_rows/finite_pairs are repeated endpoint observations, not independent fields; discrete 24 independent field clusters; continuum 12","strict candidate RMS<control RMS; strict max<control max; accuracy_and_speed requires strict RMS,max,and cost wins together; no tolerance feasibility filter",results/roadmap-full-review/neural-review.json,/paired_same_schedule/source_multiband/df_base/continuum,dfd77097a59dbc0b5af3b7dc1f57073fc459c9ddc98aec45db9da92b4a0124f6
roadmap,source_multiband,df_quad2,discrete,DESCRIPTIVE_PAIRED_MEASUREMENTS,1440,1440,16,35,0.1281383208891001,1.074630014401884,12,comparator / candidate; >1 favors candidate for lower RMS and lower latency,"same parent, grid, schedule and spatial target; paired neural seed; classical controls reused across neural seeds; .27 and .81 horizons pooled only after same-schedule pairing","paired_rows/finite_pairs are repeated endpoint observations, not independent fields; discrete 24 independent field clusters; continuum 12","strict candidate RMS<control RMS; strict max<control max; accuracy_and_speed requires strict RMS,max,and cost wins together; no tolerance feasibility filter",results/roadmap-full-review/neural-review.json,/paired_same_schedule/source_multiband/df_quad2/discrete,dfd77097a59dbc0b5af3b7dc1f57073fc459c9ddc98aec45db9da92b4a0124f6
roadmap,source_multiband,df_quad2,continuum,DESCRIPTIVE_PAIRED_MEASUREMENTS,720,720,404,527,1.000158945727577,1.0751462254515762,396,comparator / candidate; >1 favors candidate for lower RMS and lower latency,"same parent, grid, schedule and spatial target; paired neural seed; classical controls reused across neural seeds; .27 and .81 horizons pooled only after same-schedule pairing","paired_rows/finite_pairs are repeated endpoint observations, not independent fields; discrete 24 independent field clusters; continuum 12","strict candidate RMS<control RMS; strict max<control max; accuracy_and_speed requires strict RMS,max,and cost wins together; no tolerance feasibility filter",results/roadmap-full-review/neural-review.json,/paired_same_schedule/source_multiband/df_quad2/continuum,dfd77097a59dbc0b5af3b7dc1f57073fc459c9ddc98aec45db9da92b4a0124f6
roadmap,source_multiband,rf_base,discrete,DESCRIPTIVE_PAIRED_MEASUREMENTS,1440,1440,1187,1187,1.9631294857109451,0.2511843586496525,0,comparator / candidate; >1 favors candidate for lower RMS and lower latency,"same parent, grid, schedule and spatial target; paired neural seed; classical controls reused across neural seeds; .27 and .81 horizons pooled only after same-schedule pairing","paired_rows/finite_pairs are repeated endpoint observations, not independent fields; discrete 24 independent field clusters; continuum 12","strict candidate RMS<control RMS; strict max<control max; accuracy_and_speed requires strict RMS,max,and cost wins together; no tolerance feasibility filter",results/roadmap-full-review/neural-review.json,/paired_same_schedule/source_multiband/rf_base/discrete,dfd77097a59dbc0b5af3b7dc1f57073fc459c9ddc98aec45db9da92b4a0124f6
roadmap,source_multiband,rf_base,continuum,DESCRIPTIVE_PAIRED_MEASUREMENTS,720,720,624,718,1.0872081102598075,0.25128116271651924,0,comparator / candidate; >1 favors candidate for lower RMS and lower latency,"same parent, grid, schedule and spatial target; paired neural seed; classical controls reused across neural seeds; .27 and .81 horizons pooled only after same-schedule pairing","paired_rows/finite_pairs are repeated endpoint observations, not independent fields; discrete 24 independent field clusters; continuum 12","strict candidate RMS<control RMS; strict max<control max; accuracy_and_speed requires strict RMS,max,and cost wins together; no tolerance feasibility filter",results/roadmap-full-review/neural-review.json,/paired_same_schedule/source_multiband/rf_base/continuum,dfd77097a59dbc0b5af3b7dc1f57073fc459c9ddc98aec45db9da92b4a0124f6
roadmap,source_multiband,etdrk4,discrete,DESCRIPTIVE_PAIRED_MEASUREMENTS,1440,1440,898,846,2.8668957655017646,0.38243850126870466,0,comparator / candidate; >1 favors candidate for lower RMS and lower latency,"same parent, grid, schedule and spatial target; paired neural seed; classical controls reused across neural seeds; .27 and .81 horizons pooled only after same-schedule pairing","paired_rows/finite_pairs are repeated endpoint observations, not independent fields; discrete 24 independent field clusters; continuum 12","strict candidate RMS<control RMS; strict max<control max; accuracy_and_speed requires strict RMS,max,and cost wins together; no tolerance feasibility filter",results/roadmap-full-review/neural-review.json,/paired_same_schedule/source_multiband/etdrk4/discrete,dfd77097a59dbc0b5af3b7dc1f57073fc459c9ddc98aec45db9da92b4a0124f6
roadmap,source_multiband,etdrk4,continuum,DESCRIPTIVE_PAIRED_MEASUREMENTS,720,720,655,705,1.182862012550788,0.38178739432236825,0,comparator / candidate; >1 favors candidate for lower RMS and lower latency,"same parent, grid, schedule and spatial target; paired neural seed; classical controls reused across neural seeds; .27 and .81 horizons pooled only after same-schedule pairing","paired_rows/finite_pairs are repeated endpoint observations, not independent fields; discrete 24 independent field clusters; continuum 12","strict candidate RMS<control RMS; strict max<control max; accuracy_and_speed requires strict RMS,max,and cost wins together; no tolerance feasibility filter",results/roadmap-full-review/neural-review.json,/paired_same_schedule/source_multiband/etdrk4/continuum,dfd77097a59dbc0b5af3b7dc1f57073fc459c9ddc98aec45db9da92b4a0124f6
roadmap,source_multiband,gl3_fused,discrete,DESCRIPTIVE_PAIRED_MEASUREMENTS,1440,1440,66,44,0.08834067520939615,0.8125808821658431,0,comparator / candidate; >1 favors candidate for lower RMS and lower latency,"same parent, grid, schedule and spatial target; paired neural seed; classical controls reused across neural seeds; .27 and .81 horizons pooled only after same-schedule pairing","paired_rows/finite_pairs are repeated endpoint observations, not independent fields; discrete 24 independent field clusters; continuum 12","strict candidate RMS<control RMS; strict max<control max; accuracy_and_speed requires strict RMS,max,and cost wins together; no tolerance feasibility filter",results/roadmap-full-review/neural-review.json,/paired_same_schedule/source_multiband/gl3_fused/discrete,dfd77097a59dbc0b5af3b7dc1f57073fc459c9ddc98aec45db9da92b4a0124f6
roadmap,source_multiband,gl3_fused,continuum,DESCRIPTIVE_PAIRED_MEASUREMENTS,720,720,318,571,0.997771344748837,0.8125772549707386,0,comparator / candidate; >1 favors candidate for lower RMS and lower latency,"same parent, grid, schedule and spatial target; paired neural seed; classical controls reused across neural seeds; .27 and .81 horizons pooled only after same-schedule pairing","paired_rows/finite_pairs are repeated endpoint observations, not independent fields; discrete 24 independent field clusters; continuum 12","strict candidate RMS<control RMS; strict max<control max; accuracy_and_speed requires strict RMS,max,and cost wins together; no tolerance feasibility filter",results/roadmap-full-review/neural-review.json,/paired_same_schedule/source_multiband/gl3_fused/continuum,dfd77097a59dbc0b5af3b7dc1f57073fc459c9ddc98aec45db9da92b4a0124f6
roadmap,source_trust,source,discrete,DESCRIPTIVE_PAIRED_MEASUREMENTS,1440,1440,877,723,1.0085944343221094,0.7829325087674569,0,comparator / candidate; >1 favors candidate for lower RMS and lower latency,"same parent, grid, schedule and spatial target; paired neural seed; classical controls reused across neural seeds; .27 and .81 horizons pooled only after same-schedule pairing","paired_rows/finite_pairs are repeated endpoint observations, not independent fields; discrete 24 independent field clusters; continuum 12","strict candidate RMS<control RMS; strict max<control max; accuracy_and_speed requires strict RMS,max,and cost wins together; no tolerance feasibility filter",results/roadmap-full-review/neural-review.json,/paired_same_schedule/source_trust/source/discrete,dfd77097a59dbc0b5af3b7dc1f57073fc459c9ddc98aec45db9da92b4a0124f6
roadmap,source_trust,source,continuum,DESCRIPTIVE_PAIRED_MEASUREMENTS,720,720,405,326,1.0002320204704716,0.7829911320747747,1,comparator / candidate; >1 favors candidate for lower RMS and lower latency,"same parent, grid, schedule and spatial target; paired neural seed; classical controls reused across neural seeds; .27 and .81 horizons pooled only after same-schedule pairing","paired_rows/finite_pairs are repeated endpoint observations, not independent fields; discrete 24 independent field clusters; continuum 12","strict candidate RMS<control RMS; strict max<control max; accuracy_and_speed requires strict RMS,max,and cost wins together; no tolerance feasibility filter",results/roadmap-full-review/neural-review.json,/paired_same_schedule/source_trust/source/continuum,dfd77097a59dbc0b5af3b7dc1f57073fc459c9ddc98aec45db9da92b4a0124f6
roadmap,source_trust,source_postcompression,discrete,DESCRIPTIVE_PAIRED_MEASUREMENTS,1440,1440,917,779,1.0207402243403778,0.8737584282939947,5,comparator / candidate; >1 favors candidate for lower RMS and lower latency,"same parent, grid, schedule and spatial target; paired neural seed; classical controls reused across neural seeds; .27 and .81 horizons pooled only after same-schedule pairing","paired_rows/finite_pairs are repeated endpoint observations, not independent fields; discrete 24 independent field clusters; continuum 12","strict candidate RMS<control RMS; strict max<control max; accuracy_and_speed requires strict RMS,max,and cost wins together; no tolerance feasibility filter",results/roadmap-full-review/neural-review.json,/paired_same_schedule/source_trust/source_postcompression/discrete,dfd77097a59dbc0b5af3b7dc1f57073fc459c9ddc98aec45db9da92b4a0124f6
roadmap,source_trust,source_postcompression,continuum,DESCRIPTIVE_PAIRED_MEASUREMENTS,720,720,359,427,1.0,0.873755835395328,7,comparator / candidate; >1 favors candidate for lower RMS and lower latency,"same parent, grid, schedule and spatial target; paired neural seed; classical controls reused across neural seeds; .27 and .81 horizons pooled only after same-schedule pairing","paired_rows/finite_pairs are repeated endpoint observations, not independent fields; discrete 24 independent field clusters; continuum 12","strict candidate RMS<control RMS; strict max<control max; accuracy_and_speed requires strict RMS,max,and cost wins together; no tolerance feasibility filter",results/roadmap-full-review/neural-review.json,/paired_same_schedule/source_trust/source_postcompression/continuum,dfd77097a59dbc0b5af3b7dc1f57073fc459c9ddc98aec45db9da92b4a0124f6
roadmap,source_trust,cheap_fno,discrete,DESCRIPTIVE_PAIRED_MEASUREMENTS,1440,1440,868,731,1.0105459342290721,0.8031100003500868,3,comparator / candidate; >1 favors candidate for lower RMS and lower latency,"same parent, grid, schedule and spatial target; paired neural seed; classical controls reused across neural seeds; .27 and .81 horizons pooled only after same-schedule pairing","paired_rows/finite_pairs are repeated endpoint observations, not independent fields; discrete 24 independent field clusters; continuum 12","strict candidate RMS<control RMS; strict max<control max; accuracy_and_speed requires strict RMS,max,and cost wins together; no tolerance feasibility filter",results/roadmap-full-review/neural-review.json,/paired_same_schedule/source_trust/cheap_fno/discrete,dfd77097a59dbc0b5af3b7dc1f57073fc459c9ddc98aec45db9da92b4a0124f6
roadmap,source_trust,cheap_fno,continuum,DESCRIPTIVE_PAIRED_MEASUREMENTS,720,720,390,311,1.0000247775170945,0.803054264749627,2,comparator / candidate; >1 favors candidate for lower RMS and lower latency,"same parent, grid, schedule and spatial target; paired neural seed; classical controls reused across neural seeds; .27 and .81 horizons pooled only after same-schedule pairing","paired_rows/finite_pairs are repeated endpoint observations, not independent fields; discrete 24 independent field clusters; continuum 12","strict candidate RMS<control RMS; strict max<control max; accuracy_and_speed requires strict RMS,max,and cost wins together; no tolerance feasibility filter",results/roadmap-full-review/neural-review.json,/paired_same_schedule/source_trust/cheap_fno/continuum,dfd77097a59dbc0b5af3b7dc1f57073fc459c9ddc98aec45db9da92b4a0124f6
roadmap,source_trust,deep_fno,discrete,DESCRIPTIVE_PAIRED_MEASUREMENTS,1440,1440,813,691,1.0052011925132067,1.4926868694000284,632,comparator / candidate; >1 favors candidate for lower RMS and lower latency,"same parent, grid, schedule and spatial target; paired neural seed; classical controls reused across neural seeds; .27 and .81 horizons pooled only after same-schedule pairing","paired_rows/finite_pairs are repeated endpoint observations, not independent fields; discrete 24 independent field clusters; continuum 12","strict candidate RMS<control RMS; strict max<control max; accuracy_and_speed requires strict RMS,max,and cost wins together; no tolerance feasibility filter",results/roadmap-full-review/neural-review.json,/paired_same_schedule/source_trust/deep_fno/discrete,dfd77097a59dbc0b5af3b7dc1f57073fc459c9ddc98aec45db9da92b4a0124f6
roadmap,source_trust,deep_fno,continuum,DESCRIPTIVE_PAIRED_MEASUREMENTS,720,720,365,311,1.0000004661995197,1.4928379748234,276,comparator / candidate; >1 favors candidate for lower RMS and lower latency,"same parent, grid, schedule and spatial target; paired neural seed; classical controls reused across neural seeds; .27 and .81 horizons pooled only after same-schedule pairing","paired_rows/finite_pairs are repeated endpoint observations, not independent fields; discrete 24 independent field clusters; continuum 12","strict candidate RMS<control RMS; strict max<control max; accuracy_and_speed requires strict RMS,max,and cost wins together; no tolerance feasibility filter",results/roadmap-full-review/neural-review.json,/paired_same_schedule/source_trust/deep_fno/continuum,dfd77097a59dbc0b5af3b7dc1f57073fc459c9ddc98aec45db9da92b4a0124f6
roadmap,source_trust,direct_fno,discrete,DESCRIPTIVE_PAIRED_MEASUREMENTS,1440,1440,1440,1440,3166.343072182899,1.1280343414087177,1424,comparator / candidate; >1 favors candidate for lower RMS and lower latency,"same parent, grid, schedule and spatial target; paired neural seed; classical controls reused across neural seeds; .27 and .81 horizons pooled only after same-schedule pairing","paired_rows/finite_pairs are repeated endpoint observations, not independent fields; discrete 24 independent field clusters; continuum 12","strict candidate RMS<control RMS; strict max<control max; accuracy_and_speed requires strict RMS,max,and cost wins together; no tolerance feasibility filter",results/roadmap-full-review/neural-review.json,/paired_same_schedule/source_trust/direct_fno/discrete,dfd77097a59dbc0b5af3b7dc1f57073fc459c9ddc98aec45db9da92b4a0124f6
roadmap,source_trust,direct_fno,continuum,DESCRIPTIVE_PAIRED_MEASUREMENTS,720,720,720,720,1023.056095496291,1.1283177883901532,707,comparator / candidate; >1 favors candidate for lower RMS and lower latency,"same parent, grid, schedule and spatial target; paired neural seed; classical controls reused across neural seeds; .27 and .81 horizons pooled only after same-schedule pairing","paired_rows/finite_pairs are repeated endpoint observations, not independent fields; discrete 24 independent field clusters; continuum 12","strict candidate RMS<control RMS; strict max<control max; accuracy_and_speed requires strict RMS,max,and cost wins together; no tolerance feasibility filter",results/roadmap-full-review/neural-review.json,/paired_same_schedule/source_trust/direct_fno/continuum,dfd77097a59dbc0b5af3b7dc1f57073fc459c9ddc98aec45db9da92b4a0124f6
roadmap,source_trust,df_base,discrete,DESCRIPTIVE_PAIRED_MEASUREMENTS,1440,1440,867,723,1.0105673944619298,0.2461915351051975,0,comparator / candidate; >1 favors candidate for lower RMS and lower latency,"same parent, grid, schedule and spatial target; paired neural seed; classical controls reused across neural seeds; .27 and .81 horizons pooled only after same-schedule pairing","paired_rows/finite_pairs are repeated endpoint observations, not independent fields; discrete 24 independent field clusters; continuum 12","strict candidate RMS<control RMS; strict max<control max; accuracy_and_speed requires strict RMS,max,and cost wins together; no tolerance feasibility filter",results/roadmap-full-review/neural-review.json,/paired_same_schedule/source_trust/df_base/discrete,dfd77097a59dbc0b5af3b7dc1f57073fc459c9ddc98aec45db9da92b4a0124f6
roadmap,source_trust,df_base,continuum,DESCRIPTIVE_PAIRED_MEASUREMENTS,720,720,480,385,1.0012836060537094,0.2465051191078765,0,comparator / candidate; >1 favors candidate for lower RMS and lower latency,"same parent, grid, schedule and spatial target; paired neural seed; classical controls reused across neural seeds; .27 and .81 horizons pooled only after same-schedule pairing","paired_rows/finite_pairs are repeated endpoint observations, not independent fields; discrete 24 independent field clusters; continuum 12","strict candidate RMS<control RMS; strict max<control max; accuracy_and_speed requires strict RMS,max,and cost wins together; no tolerance feasibility filter",results/roadmap-full-review/neural-review.json,/paired_same_schedule/source_trust/df_base/continuum,dfd77097a59dbc0b5af3b7dc1f57073fc459c9ddc98aec45db9da92b4a0124f6
roadmap,source_trust,df_quad2,discrete,DESCRIPTIVE_PAIRED_MEASUREMENTS,1440,1440,58,63,0.12646454702477367,1.1628627309000834,44,comparator / candidate; >1 favors candidate for lower RMS and lower latency,"same parent, grid, schedule and spatial target; paired neural seed; classical controls reused across neural seeds; .27 and .81 horizons pooled only after same-schedule pairing","paired_rows/finite_pairs are repeated endpoint observations, not independent fields; discrete 24 independent field clusters; continuum 12","strict candidate RMS<control RMS; strict max<control max; accuracy_and_speed requires strict RMS,max,and cost wins together; no tolerance feasibility filter",results/roadmap-full-review/neural-review.json,/paired_same_schedule/source_trust/df_quad2/discrete,dfd77097a59dbc0b5af3b7dc1f57073fc459c9ddc98aec45db9da92b4a0124f6
roadmap,source_trust,df_quad2,continuum,DESCRIPTIVE_PAIRED_MEASUREMENTS,720,720,441,526,1.0003307678083218,1.1628709535378774,433,comparator / candidate; >1 favors candidate for lower RMS and lower latency,"same parent, grid, schedule and spatial target; paired neural seed; classical controls reused across neural seeds; .27 and .81 horizons pooled only after same-schedule pairing","paired_rows/finite_pairs are repeated endpoint observations, not independent fields; discrete 24 independent field clusters; continuum 12","strict candidate RMS<control RMS; strict max<control max; accuracy_and_speed requires strict RMS,max,and cost wins together; no tolerance feasibility filter",results/roadmap-full-review/neural-review.json,/paired_same_schedule/source_trust/df_quad2/continuum,dfd77097a59dbc0b5af3b7dc1f57073fc459c9ddc98aec45db9da92b4a0124f6
roadmap,source_trust,rf_base,discrete,DESCRIPTIVE_PAIRED_MEASUREMENTS,1440,1440,1196,1194,1.9611450229087908,0.2716090245544364,0,comparator / candidate; >1 favors candidate for lower RMS and lower latency,"same parent, grid, schedule and spatial target; paired neural seed; classical controls reused across neural seeds; .27 and .81 horizons pooled only after same-schedule pairing","paired_rows/finite_pairs are repeated endpoint observations, not independent fields; discrete 24 independent field clusters; continuum 12","strict candidate RMS<control RMS; strict max<control max; accuracy_and_speed requires strict RMS,max,and cost wins together; no tolerance feasibility filter",results/roadmap-full-review/neural-review.json,/paired_same_schedule/source_trust/rf_base/discrete,dfd77097a59dbc0b5af3b7dc1f57073fc459c9ddc98aec45db9da92b4a0124f6
roadmap,source_trust,rf_base,continuum,DESCRIPTIVE_PAIRED_MEASUREMENTS,720,720,640,720,1.1026849144721407,0.2714628300312477,0,comparator / candidate; >1 favors candidate for lower RMS and lower latency,"same parent, grid, schedule and spatial target; paired neural seed; classical controls reused across neural seeds; .27 and .81 horizons pooled only after same-schedule pairing","paired_rows/finite_pairs are repeated endpoint observations, not independent fields; discrete 24 independent field clusters; continuum 12","strict candidate RMS<control RMS; strict max<control max; accuracy_and_speed requires strict RMS,max,and cost wins together; no tolerance feasibility filter",results/roadmap-full-review/neural-review.json,/paired_same_schedule/source_trust/rf_base/continuum,dfd77097a59dbc0b5af3b7dc1f57073fc459c9ddc98aec45db9da92b4a0124f6
roadmap,source_trust,etdrk4,discrete,DESCRIPTIVE_PAIRED_MEASUREMENTS,1440,1440,907,837,3.0896386625072543,0.4139807641311807,0,comparator / candidate; >1 favors candidate for lower RMS and lower latency,"same parent, grid, schedule and spatial target; paired neural seed; classical controls reused across neural seeds; .27 and .81 horizons pooled only after same-schedule pairing","paired_rows/finite_pairs are repeated endpoint observations, not independent fields; discrete 24 independent field clusters; continuum 12","strict candidate RMS<control RMS; strict max<control max; accuracy_and_speed requires strict RMS,max,and cost wins together; no tolerance feasibility filter",results/roadmap-full-review/neural-review.json,/paired_same_schedule/source_trust/etdrk4/discrete,dfd77097a59dbc0b5af3b7dc1f57073fc459c9ddc98aec45db9da92b4a0124f6
roadmap,source_trust,etdrk4,continuum,DESCRIPTIVE_PAIRED_MEASUREMENTS,720,720,660,705,1.1794732288528875,0.4132183816400028,0,comparator / candidate; >1 favors candidate for lower RMS and lower latency,"same parent, grid, schedule and spatial target; paired neural seed; classical controls reused across neural seeds; .27 and .81 horizons pooled only after same-schedule pairing","paired_rows/finite_pairs are repeated endpoint observations, not independent fields; discrete 24 independent field clusters; continuum 12","strict candidate RMS<control RMS; strict max<control max; accuracy_and_speed requires strict RMS,max,and cost wins together; no tolerance feasibility filter",results/roadmap-full-review/neural-review.json,/paired_same_schedule/source_trust/etdrk4/continuum,dfd77097a59dbc0b5af3b7dc1f57073fc459c9ddc98aec45db9da92b4a0124f6
roadmap,source_trust,gl3_fused,discrete,DESCRIPTIVE_PAIRED_MEASUREMENTS,1440,1440,80,53,0.08836066729121309,0.8790256032916033,0,comparator / candidate; >1 favors candidate for lower RMS and lower latency,"same parent, grid, schedule and spatial target; paired neural seed; classical controls reused across neural seeds; .27 and .81 horizons pooled only after same-schedule pairing","paired_rows/finite_pairs are repeated endpoint observations, not independent fields; discrete 24 independent field clusters; continuum 12","strict candidate RMS<control RMS; strict max<control max; accuracy_and_speed requires strict RMS,max,and cost wins together; no tolerance feasibility filter",results/roadmap-full-review/neural-review.json,/paired_same_schedule/source_trust/gl3_fused/discrete,dfd77097a59dbc0b5af3b7dc1f57073fc459c9ddc98aec45db9da92b4a0124f6
roadmap,source_trust,gl3_fused,continuum,DESCRIPTIVE_PAIRED_MEASUREMENTS,720,720,325,571,0.9986645121098734,0.8790284840759021,0,comparator / candidate; >1 favors candidate for lower RMS and lower latency,"same parent, grid, schedule and spatial target; paired neural seed; classical controls reused across neural seeds; .27 and .81 horizons pooled only after same-schedule pairing","paired_rows/finite_pairs are repeated endpoint observations, not independent fields; discrete 24 independent field clusters; continuum 12","strict candidate RMS<control RMS; strict max<control max; accuracy_and_speed requires strict RMS,max,and cost wins together; no tolerance feasibility filter",results/roadmap-full-review/neural-review.json,/paired_same_schedule/source_trust/gl3_fused/continuum,dfd77097a59dbc0b5af3b7dc1f57073fc459c9ddc98aec45db9da92b4a0124f6
roadmap,source_df_loss,source,discrete,DESCRIPTIVE_PAIRED_MEASUREMENTS,1440,1440,637,547,1.0,0.9997716960670078,205,comparator / candidate; >1 favors candidate for lower RMS and lower latency,"same parent, grid, schedule and spatial target; paired neural seed; classical controls reused across neural seeds; .27 and .81 horizons pooled only after same-schedule pairing","paired_rows/finite_pairs are repeated endpoint observations, not independent fields; discrete 24 independent field clusters; continuum 12","strict candidate RMS<control RMS; strict max<control max; accuracy_and_speed requires strict RMS,max,and cost wins together; no tolerance feasibility filter",results/roadmap-full-review/neural-review.json,/paired_same_schedule/source_df_loss/source/discrete,dfd77097a59dbc0b5af3b7dc1f57073fc459c9ddc98aec45db9da92b4a0124f6
roadmap,source_df_loss,source,continuum,DESCRIPTIVE_PAIRED_MEASUREMENTS,720,720,247,236,0.9999999444253667,0.999875319929157,90,comparator / candidate; >1 favors candidate for lower RMS and lower latency,"same parent, grid, schedule and spatial target; paired neural seed; classical controls reused across neural seeds; .27 and .81 horizons pooled only after same-schedule pairing","paired_rows/finite_pairs are repeated endpoint observations, not independent fields; discrete 24 independent field clusters; continuum 12","strict candidate RMS<control RMS; strict max<control max; accuracy_and_speed requires strict RMS,max,and cost wins together; no tolerance feasibility filter",results/roadmap-full-review/neural-review.json,/paired_same_schedule/source_df_loss/source/continuum,dfd77097a59dbc0b5af3b7dc1f57073fc459c9ddc98aec45db9da92b4a0124f6
roadmap,source_df_loss,source_postcompression,discrete,DESCRIPTIVE_PAIRED_MEASUREMENTS,1440,1440,816,665,1.0026302426971354,1.115196343722447,558,comparator / candidate; >1 favors candidate for lower RMS and lower latency,"same parent, grid, schedule and spatial target; paired neural seed; classical controls reused across neural seeds; .27 and .81 horizons pooled only after same-schedule pairing","paired_rows/finite_pairs are repeated endpoint observations, not independent fields; discrete 24 independent field clusters; continuum 12","strict candidate RMS<control RMS; strict max<control max; accuracy_and_speed requires strict RMS,max,and cost wins together; no tolerance feasibility filter",results/roadmap-full-review/neural-review.json,/paired_same_schedule/source_df_loss/source_postcompression/discrete,dfd77097a59dbc0b5af3b7dc1f57073fc459c9ddc98aec45db9da92b4a0124f6
roadmap,source_df_loss,source_postcompression,continuum,DESCRIPTIVE_PAIRED_MEASUREMENTS,720,720,324,424,1.0,1.1152328864667533,291,comparator / candidate; >1 favors candidate for lower RMS and lower latency,"same parent, grid, schedule and spatial target; paired neural seed; classical controls reused across neural seeds; .27 and .81 horizons pooled only after same-schedule pairing","paired_rows/finite_pairs are repeated endpoint observations, not independent fields; discrete 24 independent field clusters; continuum 12","strict candidate RMS<control RMS; strict max<control max; accuracy_and_speed requires strict RMS,max,and cost wins together; no tolerance feasibility filter",results/roadmap-full-review/neural-review.json,/paired_same_schedule/source_df_loss/source_postcompression/continuum,dfd77097a59dbc0b5af3b7dc1f57073fc459c9ddc98aec45db9da92b4a0124f6
roadmap,source_df_loss,cheap_fno,discrete,DESCRIPTIVE_PAIRED_MEASUREMENTS,1440,1440,814,688,1.0011019324049557,1.0247318210607221,554,comparator / candidate; >1 favors candidate for lower RMS and lower latency,"same parent, grid, schedule and spatial target; paired neural seed; classical controls reused across neural seeds; .27 and .81 horizons pooled only after same-schedule pairing","paired_rows/finite_pairs are repeated endpoint observations, not independent fields; discrete 24 independent field clusters; continuum 12","strict candidate RMS<control RMS; strict max<control max; accuracy_and_speed requires strict RMS,max,and cost wins together; no tolerance feasibility filter",results/roadmap-full-review/neural-review.json,/paired_same_schedule/source_df_loss/cheap_fno/discrete,dfd77097a59dbc0b5af3b7dc1f57073fc459c9ddc98aec45db9da92b4a0124f6
roadmap,source_df_loss,cheap_fno,continuum,DESCRIPTIVE_PAIRED_MEASUREMENTS,720,720,323,210,1.0,1.0247868546819507,156,comparator / candidate; >1 favors candidate for lower RMS and lower latency,"same parent, grid, schedule and spatial target; paired neural seed; classical controls reused across neural seeds; .27 and .81 horizons pooled only after same-schedule pairing","paired_rows/finite_pairs are repeated endpoint observations, not independent fields; discrete 24 independent field clusters; continuum 12","strict candidate RMS<control RMS; strict max<control max; accuracy_and_speed requires strict RMS,max,and cost wins together; no tolerance feasibility filter",results/roadmap-full-review/neural-review.json,/paired_same_schedule/source_df_loss/cheap_fno/continuum,dfd77097a59dbc0b5af3b7dc1f57073fc459c9ddc98aec45db9da92b4a0124f6
roadmap,source_df_loss,deep_fno,discrete,DESCRIPTIVE_PAIRED_MEASUREMENTS,1440,1440,544,535,0.9994156856514842,1.9048353856674152,388,comparator / candidate; >1 favors candidate for lower RMS and lower latency,"same parent, grid, schedule and spatial target; paired neural seed; classical controls reused across neural seeds; .27 and .81 horizons pooled only after same-schedule pairing","paired_rows/finite_pairs are repeated endpoint observations, not independent fields; discrete 24 independent field clusters; continuum 12","strict candidate RMS<control RMS; strict max<control max; accuracy_and_speed requires strict RMS,max,and cost wins together; no tolerance feasibility filter",results/roadmap-full-review/neural-review.json,/paired_same_schedule/source_df_loss/deep_fno/discrete,dfd77097a59dbc0b5af3b7dc1f57073fc459c9ddc98aec45db9da92b4a0124f6
roadmap,source_df_loss,deep_fno,continuum,DESCRIPTIVE_PAIRED_MEASUREMENTS,720,720,281,254,0.9999998420234836,1.905212304964214,195,comparator / candidate; >1 favors candidate for lower RMS and lower latency,"same parent, grid, schedule and spatial target; paired neural seed; classical controls reused across neural seeds; .27 and .81 horizons pooled only after same-schedule pairing","paired_rows/finite_pairs are repeated endpoint observations, not independent fields; discrete 24 independent field clusters; continuum 12","strict candidate RMS<control RMS; strict max<control max; accuracy_and_speed requires strict RMS,max,and cost wins together; no tolerance feasibility filter",results/roadmap-full-review/neural-review.json,/paired_same_schedule/source_df_loss/deep_fno/continuum,dfd77097a59dbc0b5af3b7dc1f57073fc459c9ddc98aec45db9da92b4a0124f6
roadmap,source_df_loss,direct_fno,discrete,DESCRIPTIVE_PAIRED_MEASUREMENTS,1440,1440,1440,1440,3175.2902549574274,1.43985917100323,1440,comparator / candidate; >1 favors candidate for lower RMS and lower latency,"same parent, grid, schedule and spatial target; paired neural seed; classical controls reused across neural seeds; .27 and .81 horizons pooled only after same-schedule pairing","paired_rows/finite_pairs are repeated endpoint observations, not independent fields; discrete 24 independent field clusters; continuum 12","strict candidate RMS<control RMS; strict max<control max; accuracy_and_speed requires strict RMS,max,and cost wins together; no tolerance feasibility filter",results/roadmap-full-review/neural-review.json,/paired_same_schedule/source_df_loss/direct_fno/discrete,dfd77097a59dbc0b5af3b7dc1f57073fc459c9ddc98aec45db9da92b4a0124f6
roadmap,source_df_loss,direct_fno,continuum,DESCRIPTIVE_PAIRED_MEASUREMENTS,720,720,720,720,944.5110357327297,1.440184515998895,720,comparator / candidate; >1 favors candidate for lower RMS and lower latency,"same parent, grid, schedule and spatial target; paired neural seed; classical controls reused across neural seeds; .27 and .81 horizons pooled only after same-schedule pairing","paired_rows/finite_pairs are repeated endpoint observations, not independent fields; discrete 24 independent field clusters; continuum 12","strict candidate RMS<control RMS; strict max<control max; accuracy_and_speed requires strict RMS,max,and cost wins together; no tolerance feasibility filter",results/roadmap-full-review/neural-review.json,/paired_same_schedule/source_df_loss/direct_fno/continuum,dfd77097a59dbc0b5af3b7dc1f57073fc459c9ddc98aec45db9da92b4a0124f6
roadmap,source_df_loss,df_base,discrete,DESCRIPTIVE_PAIRED_MEASUREMENTS,1440,1440,806,697,1.0011172383710756,0.31398156713955294,0,comparator / candidate; >1 favors candidate for lower RMS and lower latency,"same parent, grid, schedule and spatial target; paired neural seed; classical controls reused across neural seeds; .27 and .81 horizons pooled only after same-schedule pairing","paired_rows/finite_pairs are repeated endpoint observations, not independent fields; discrete 24 independent field clusters; continuum 12","strict candidate RMS<control RMS; strict max<control max; accuracy_and_speed requires strict RMS,max,and cost wins together; no tolerance feasibility filter",results/roadmap-full-review/neural-review.json,/paired_same_schedule/source_df_loss/df_base/discrete,dfd77097a59dbc0b5af3b7dc1f57073fc459c9ddc98aec45db9da92b4a0124f6
roadmap,source_df_loss,df_base,continuum,DESCRIPTIVE_PAIRED_MEASUREMENTS,720,720,470,333,1.0003603859780101,0.3141729436096055,0,comparator / candidate; >1 favors candidate for lower RMS and lower latency,"same parent, grid, schedule and spatial target; paired neural seed; classical controls reused across neural seeds; .27 and .81 horizons pooled only after same-schedule pairing","paired_rows/finite_pairs are repeated endpoint observations, not independent fields; discrete 24 independent field clusters; continuum 12","strict candidate RMS<control RMS; strict max<control max; accuracy_and_speed requires strict RMS,max,and cost wins together; no tolerance feasibility filter",results/roadmap-full-review/neural-review.json,/paired_same_schedule/source_df_loss/df_base/continuum,dfd77097a59dbc0b5af3b7dc1f57073fc459c9ddc98aec45db9da92b4a0124f6
roadmap,source_df_loss,df_quad2,discrete,DESCRIPTIVE_PAIRED_MEASUREMENTS,1440,1440,20,35,0.12905666672172675,1.4842146594117556,12,comparator / candidate; >1 favors candidate for lower RMS and lower latency,"same parent, grid, schedule and spatial target; paired neural seed; classical controls reused across neural seeds; .27 and .81 horizons pooled only after same-schedule pairing","paired_rows/finite_pairs are repeated endpoint observations, not independent fields; discrete 24 independent field clusters; continuum 12","strict candidate RMS<control RMS; strict max<control max; accuracy_and_speed requires strict RMS,max,and cost wins together; no tolerance feasibility filter",results/roadmap-full-review/neural-review.json,/paired_same_schedule/source_df_loss/df_quad2/discrete,dfd77097a59dbc0b5af3b7dc1f57073fc459c9ddc98aec45db9da92b4a0124f6
roadmap,source_df_loss,df_quad2,continuum,DESCRIPTIVE_PAIRED_MEASUREMENTS,720,720,404,524,1.000151904940153,1.4846412257843413,402,comparator / candidate; >1 favors candidate for lower RMS and lower latency,"same parent, grid, schedule and spatial target; paired neural seed; classical controls reused across neural seeds; .27 and .81 horizons pooled only after same-schedule pairing","paired_rows/finite_pairs are repeated endpoint observations, not independent fields; discrete 24 independent field clusters; continuum 12","strict candidate RMS<control RMS; strict max<control max; accuracy_and_speed requires strict RMS,max,and cost wins together; no tolerance feasibility filter",results/roadmap-full-review/neural-review.json,/paired_same_schedule/source_df_loss/df_quad2/continuum,dfd77097a59dbc0b5af3b7dc1f57073fc459c9ddc98aec45db9da92b4a0124f6
roadmap,source_df_loss,rf_base,discrete,DESCRIPTIVE_PAIRED_MEASUREMENTS,1440,1440,1189,1179,1.9596246226524434,0.3465521400805105,0,comparator / candidate; >1 favors candidate for lower RMS and lower latency,"same parent, grid, schedule and spatial target; paired neural seed; classical controls reused across neural seeds; .27 and .81 horizons pooled only after same-schedule pairing","paired_rows/finite_pairs are repeated endpoint observations, not independent fields; discrete 24 independent field clusters; continuum 12","strict candidate RMS<control RMS; strict max<control max; accuracy_and_speed requires strict RMS,max,and cost wins together; no tolerance feasibility filter",results/roadmap-full-review/neural-review.json,/paired_same_schedule/source_df_loss/rf_base/discrete,dfd77097a59dbc0b5af3b7dc1f57073fc459c9ddc98aec45db9da92b4a0124f6
roadmap,source_df_loss,rf_base,continuum,DESCRIPTIVE_PAIRED_MEASUREMENTS,720,720,625,720,1.0899997560979888,0.3466743794753637,0,comparator / candidate; >1 favors candidate for lower RMS and lower latency,"same parent, grid, schedule and spatial target; paired neural seed; classical controls reused across neural seeds; .27 and .81 horizons pooled only after same-schedule pairing","paired_rows/finite_pairs are repeated endpoint observations, not independent fields; discrete 24 independent field clusters; continuum 12","strict candidate RMS<control RMS; strict max<control max; accuracy_and_speed requires strict RMS,max,and cost wins together; no tolerance feasibility filter",results/roadmap-full-review/neural-review.json,/paired_same_schedule/source_df_loss/rf_base/continuum,dfd77097a59dbc0b5af3b7dc1f57073fc459c9ddc98aec45db9da92b4a0124f6
roadmap,source_df_loss,etdrk4,discrete,DESCRIPTIVE_PAIRED_MEASUREMENTS,1440,1440,896,840,2.860275888955397,0.5284742938768467,0,comparator / candidate; >1 favors candidate for lower RMS and lower latency,"same parent, grid, schedule and spatial target; paired neural seed; classical controls reused across neural seeds; .27 and .81 horizons pooled only after same-schedule pairing","paired_rows/finite_pairs are repeated endpoint observations, not independent fields; discrete 24 independent field clusters; continuum 12","strict candidate RMS<control RMS; strict max<control max; accuracy_and_speed requires strict RMS,max,and cost wins together; no tolerance feasibility filter",results/roadmap-full-review/neural-review.json,/paired_same_schedule/source_df_loss/etdrk4/discrete,dfd77097a59dbc0b5af3b7dc1f57073fc459c9ddc98aec45db9da92b4a0124f6
roadmap,source_df_loss,etdrk4,continuum,DESCRIPTIVE_PAIRED_MEASUREMENTS,720,720,655,705,1.1791388595879364,0.5272900574972283,0,comparator / candidate; >1 favors candidate for lower RMS and lower latency,"same parent, grid, schedule and spatial target; paired neural seed; classical controls reused across neural seeds; .27 and .81 horizons pooled only after same-schedule pairing","paired_rows/finite_pairs are repeated endpoint observations, not independent fields; discrete 24 independent field clusters; continuum 12","strict candidate RMS<control RMS; strict max<control max; accuracy_and_speed requires strict RMS,max,and cost wins together; no tolerance feasibility filter",results/roadmap-full-review/neural-review.json,/paired_same_schedule/source_df_loss/etdrk4/continuum,dfd77097a59dbc0b5af3b7dc1f57073fc459c9ddc98aec45db9da92b4a0124f6
roadmap,source_df_loss,gl3_fused,discrete,DESCRIPTIVE_PAIRED_MEASUREMENTS,1440,1440,66,36,0.08687661262986138,1.1226086725861297,33,comparator / candidate; >1 favors candidate for lower RMS and lower latency,"same parent, grid, schedule and spatial target; paired neural seed; classical controls reused across neural seeds; .27 and .81 horizons pooled only after same-schedule pairing","paired_rows/finite_pairs are repeated endpoint observations, not independent fields; discrete 24 independent field clusters; continuum 12","strict candidate RMS<control RMS; strict max<control max; accuracy_and_speed requires strict RMS,max,and cost wins together; no tolerance feasibility filter",results/roadmap-full-review/neural-review.json,/paired_same_schedule/source_df_loss/gl3_fused/discrete,dfd77097a59dbc0b5af3b7dc1f57073fc459c9ddc98aec45db9da92b4a0124f6
roadmap,source_df_loss,gl3_fused,continuum,DESCRIPTIVE_PAIRED_MEASUREMENTS,720,720,312,574,0.9977927974698126,1.1223820750370543,303,comparator / candidate; >1 favors candidate for lower RMS and lower latency,"same parent, grid, schedule and spatial target; paired neural seed; classical controls reused across neural seeds; .27 and .81 horizons pooled only after same-schedule pairing","paired_rows/finite_pairs are repeated endpoint observations, not independent fields; discrete 24 independent field clusters; continuum 12","strict candidate RMS<control RMS; strict max<control max; accuracy_and_speed requires strict RMS,max,and cost wins together; no tolerance feasibility filter",results/roadmap-full-review/neural-review.json,/paired_same_schedule/source_df_loss/gl3_fused/continuum,dfd77097a59dbc0b5af3b7dc1f57073fc459c9ddc98aec45db9da92b4a0124f6
roadmap,rank1,source,discrete,DESCRIPTIVE_PAIRED_MEASUREMENTS,1440,1440,1391,1374,2.348306895701058,0.5353326983137607,0,comparator / candidate; >1 favors candidate for lower RMS and lower latency,"same parent, grid, schedule and spatial target; paired neural seed; classical controls reused across neural seeds; .27 and .81 horizons pooled only after same-schedule pairing","paired_rows/finite_pairs are repeated endpoint observations, not independent fields; discrete 24 independent field clusters; continuum 12","strict candidate RMS<control RMS; strict max<control max; accuracy_and_speed requires strict RMS,max,and cost wins together; no tolerance feasibility filter",results/roadmap-full-review/neural-review.json,/paired_same_schedule/rank1/source/discrete,dfd77097a59dbc0b5af3b7dc1f57073fc459c9ddc98aec45db9da92b4a0124f6
roadmap,rank1,source,continuum,DESCRIPTIVE_PAIRED_MEASUREMENTS,720,720,338,231,0.9999824339656809,0.5356807069447177,0,comparator / candidate; >1 favors candidate for lower RMS and lower latency,"same parent, grid, schedule and spatial target; paired neural seed; classical controls reused across neural seeds; .27 and .81 horizons pooled only after same-schedule pairing","paired_rows/finite_pairs are repeated endpoint observations, not independent fields; discrete 24 independent field clusters; continuum 12","strict candidate RMS<control RMS; strict max<control max; accuracy_and_speed requires strict RMS,max,and cost wins together; no tolerance feasibility filter",results/roadmap-full-review/neural-review.json,/paired_same_schedule/rank1/source/continuum,dfd77097a59dbc0b5af3b7dc1f57073fc459c9ddc98aec45db9da92b4a0124f6
roadmap,rank1,source_postcompression,discrete,DESCRIPTIVE_PAIRED_MEASUREMENTS,1440,1440,1371,1350,2.348351835386092,0.5977448493963143,0,comparator / candidate; >1 favors candidate for lower RMS and lower latency,"same parent, grid, schedule and spatial target; paired neural seed; classical controls reused across neural seeds; .27 and .81 horizons pooled only after same-schedule pairing","paired_rows/finite_pairs are repeated endpoint observations, not independent fields; discrete 24 independent field clusters; continuum 12","strict candidate RMS<control RMS; strict max<control max; accuracy_and_speed requires strict RMS,max,and cost wins together; no tolerance feasibility filter",results/roadmap-full-review/neural-review.json,/paired_same_schedule/rank1/source_postcompression/discrete,dfd77097a59dbc0b5af3b7dc1f57073fc459c9ddc98aec45db9da92b4a0124f6
roadmap,rank1,source_postcompression,continuum,DESCRIPTIVE_PAIRED_MEASUREMENTS,720,720,336,325,0.9999815211964247,0.597728393383778,0,comparator / candidate; >1 favors candidate for lower RMS and lower latency,"same parent, grid, schedule and spatial target; paired neural seed; classical controls reused across neural seeds; .27 and .81 horizons pooled only after same-schedule pairing","paired_rows/finite_pairs are repeated endpoint observations, not independent fields; discrete 24 independent field clusters; continuum 12","strict candidate RMS<control RMS; strict max<control max; accuracy_and_speed requires strict RMS,max,and cost wins together; no tolerance feasibility filter",results/roadmap-full-review/neural-review.json,/paired_same_schedule/rank1/source_postcompression/continuum,dfd77097a59dbc0b5af3b7dc1f57073fc459c9ddc98aec45db9da92b4a0124f6
roadmap,rank1,cheap_fno,discrete,DESCRIPTIVE_PAIRED_MEASUREMENTS,1440,1440,1395,1376,2.3442589141618853,0.5489624593561218,0,comparator / candidate; >1 favors candidate for lower RMS and lower latency,"same parent, grid, schedule and spatial target; paired neural seed; classical controls reused across neural seeds; .27 and .81 horizons pooled only after same-schedule pairing","paired_rows/finite_pairs are repeated endpoint observations, not independent fields; discrete 24 independent field clusters; continuum 12","strict candidate RMS<control RMS; strict max<control max; accuracy_and_speed requires strict RMS,max,and cost wins together; no tolerance feasibility filter",results/roadmap-full-review/neural-review.json,/paired_same_schedule/rank1/cheap_fno/discrete,dfd77097a59dbc0b5af3b7dc1f57073fc459c9ddc98aec45db9da92b4a0124f6
roadmap,rank1,cheap_fno,continuum,DESCRIPTIVE_PAIRED_MEASUREMENTS,720,720,345,230,0.9999888323837958,0.5492151216827024,0,comparator / candidate; >1 favors candidate for lower RMS and lower latency,"same parent, grid, schedule and spatial target; paired neural seed; classical controls reused across neural seeds; .27 and .81 horizons pooled only after same-schedule pairing","paired_rows/finite_pairs are repeated endpoint observations, not independent fields; discrete 24 independent field clusters; continuum 12","strict candidate RMS<control RMS; strict max<control max; accuracy_and_speed requires strict RMS,max,and cost wins together; no tolerance feasibility filter",results/roadmap-full-review/neural-review.json,/paired_same_schedule/rank1/cheap_fno/continuum,dfd77097a59dbc0b5af3b7dc1f57073fc459c9ddc98aec45db9da92b4a0124f6
roadmap,rank1,deep_fno,discrete,DESCRIPTIVE_PAIRED_MEASUREMENTS,1440,1440,1388,1370,2.3389833729206373,1.0203538614940535,1199,comparator / candidate; >1 favors candidate for lower RMS and lower latency,"same parent, grid, schedule and spatial target; paired neural seed; classical controls reused across neural seeds; .27 and .81 horizons pooled only after same-schedule pairing","paired_rows/finite_pairs are repeated endpoint observations, not independent fields; discrete 24 independent field clusters; continuum 12","strict candidate RMS<control RMS; strict max<control max; accuracy_and_speed requires strict RMS,max,and cost wins together; no tolerance feasibility filter",results/roadmap-full-review/neural-review.json,/paired_same_schedule/rank1/deep_fno/discrete,dfd77097a59dbc0b5af3b7dc1f57073fc459c9ddc98aec45db9da92b4a0124f6
roadmap,rank1,deep_fno,continuum,DESCRIPTIVE_PAIRED_MEASUREMENTS,720,720,344,229,0.9999884559947901,1.020842457420998,194,comparator / candidate; >1 favors candidate for lower RMS and lower latency,"same parent, grid, schedule and spatial target; paired neural seed; classical controls reused across neural seeds; .27 and .81 horizons pooled only after same-schedule pairing","paired_rows/finite_pairs are repeated endpoint observations, not independent fields; discrete 24 independent field clusters; continuum 12","strict candidate RMS<control RMS; strict max<control max; accuracy_and_speed requires strict RMS,max,and cost wins together; no tolerance feasibility filter",results/roadmap-full-review/neural-review.json,/paired_same_schedule/rank1/deep_fno/continuum,dfd77097a59dbc0b5af3b7dc1f57073fc459c9ddc98aec45db9da92b4a0124f6
roadmap,rank1,direct_fno,discrete,DESCRIPTIVE_PAIRED_MEASUREMENTS,1440,1440,1440,1440,7764.160538919403,0.7712310926071447,3,comparator / candidate; >1 favors candidate for lower RMS and lower latency,"same parent, grid, schedule and spatial target; paired neural seed; classical controls reused across neural seeds; .27 and .81 horizons pooled only after same-schedule pairing","paired_rows/finite_pairs are repeated endpoint observations, not independent fields; discrete 24 independent field clusters; continuum 12","strict candidate RMS<control RMS; strict max<control max; accuracy_and_speed requires strict RMS,max,and cost wins together; no tolerance feasibility filter",results/roadmap-full-review/neural-review.json,/paired_same_schedule/rank1/direct_fno/discrete,dfd77097a59dbc0b5af3b7dc1f57073fc459c9ddc98aec45db9da92b4a0124f6
roadmap,rank1,direct_fno,continuum,DESCRIPTIVE_PAIRED_MEASUREMENTS,720,720,720,720,1164.7401112335301,0.7716355827087984,2,comparator / candidate; >1 favors candidate for lower RMS and lower latency,"same parent, grid, schedule and spatial target; paired neural seed; classical controls reused across neural seeds; .27 and .81 horizons pooled only after same-schedule pairing","paired_rows/finite_pairs are repeated endpoint observations, not independent fields; discrete 24 independent field clusters; continuum 12","strict candidate RMS<control RMS; strict max<control max; accuracy_and_speed requires strict RMS,max,and cost wins together; no tolerance feasibility filter",results/roadmap-full-review/neural-review.json,/paired_same_schedule/rank1/direct_fno/continuum,dfd77097a59dbc0b5af3b7dc1f57073fc459c9ddc98aec45db9da92b4a0124f6
roadmap,rank1,df_base,discrete,DESCRIPTIVE_PAIRED_MEASUREMENTS,1440,1440,1364,1354,2.3459577919161996,0.16802531920061453,0,comparator / candidate; >1 favors candidate for lower RMS and lower latency,"same parent, grid, schedule and spatial target; paired neural seed; classical controls reused across neural seeds; .27 and .81 horizons pooled only after same-schedule pairing","paired_rows/finite_pairs are repeated endpoint observations, not independent fields; discrete 24 independent field clusters; continuum 12","strict candidate RMS<control RMS; strict max<control max; accuracy_and_speed requires strict RMS,max,and cost wins together; no tolerance feasibility filter",results/roadmap-full-review/neural-review.json,/paired_same_schedule/rank1/df_base/discrete,dfd77097a59dbc0b5af3b7dc1f57073fc459c9ddc98aec45db9da92b4a0124f6
roadmap,rank1,df_base,continuum,DESCRIPTIVE_PAIRED_MEASUREMENTS,720,720,439,267,1.001610176729452,0.16823812055330334,0,comparator / candidate; >1 favors candidate for lower RMS and lower latency,"same parent, grid, schedule and spatial target; paired neural seed; classical controls reused across neural seeds; .27 and .81 horizons pooled only after same-schedule pairing","paired_rows/finite_pairs are repeated endpoint observations, not independent fields; discrete 24 independent field clusters; continuum 12","strict candidate RMS<control RMS; strict max<control max; accuracy_and_speed requires strict RMS,max,and cost wins together; no tolerance feasibility filter",results/roadmap-full-review/neural-review.json,/paired_same_schedule/rank1/df_base/continuum,dfd77097a59dbc0b5af3b7dc1f57073fc459c9ddc98aec45db9da92b4a0124f6
roadmap,rank1,df_quad2,discrete,DESCRIPTIVE_PAIRED_MEASUREMENTS,1440,1440,135,147,0.3070284718981307,0.7951729142390569,0,comparator / candidate; >1 favors candidate for lower RMS and lower latency,"same parent, grid, schedule and spatial target; paired neural seed; classical controls reused across neural seeds; .27 and .81 horizons pooled only after same-schedule pairing","paired_rows/finite_pairs are repeated endpoint observations, not independent fields; discrete 24 independent field clusters; continuum 12","strict candidate RMS<control RMS; strict max<control max; accuracy_and_speed requires strict RMS,max,and cost wins together; no tolerance feasibility filter",results/roadmap-full-review/neural-review.json,/paired_same_schedule/rank1/df_quad2/discrete,dfd77097a59dbc0b5af3b7dc1f57073fc459c9ddc98aec45db9da92b4a0124f6
roadmap,rank1,df_quad2,continuum,DESCRIPTIVE_PAIRED_MEASUREMENTS,720,720,494,589,1.000378825085353,0.7956688970929945,9,comparator / candidate; >1 favors candidate for lower RMS and lower latency,"same parent, grid, schedule and spatial target; paired neural seed; classical controls reused across neural seeds; .27 and .81 horizons pooled only after same-schedule pairing","paired_rows/finite_pairs are repeated endpoint observations, not independent fields; discrete 24 independent field clusters; continuum 12","strict candidate RMS<control RMS; strict max<control max; accuracy_and_speed requires strict RMS,max,and cost wins together; no tolerance feasibility filter",results/roadmap-full-review/neural-review.json,/paired_same_schedule/rank1/df_quad2/continuum,dfd77097a59dbc0b5af3b7dc1f57073fc459c9ddc98aec45db9da92b4a0124f6
roadmap,rank1,rf_base,discrete,DESCRIPTIVE_PAIRED_MEASUREMENTS,1440,1440,1345,1299,4.6981562787478985,0.18582590354016426,0,comparator / candidate; >1 favors candidate for lower RMS and lower latency,"same parent, grid, schedule and spatial target; paired neural seed; classical controls reused across neural seeds; .27 and .81 horizons pooled only after same-schedule pairing","paired_rows/finite_pairs are repeated endpoint observations, not independent fields; discrete 24 independent field clusters; continuum 12","strict candidate RMS<control RMS; strict max<control max; accuracy_and_speed requires strict RMS,max,and cost wins together; no tolerance feasibility filter",results/roadmap-full-review/neural-review.json,/paired_same_schedule/rank1/rf_base/discrete,dfd77097a59dbc0b5af3b7dc1f57073fc459c9ddc98aec45db9da92b4a0124f6
roadmap,rank1,rf_base,continuum,DESCRIPTIVE_PAIRED_MEASUREMENTS,720,720,618,720,1.1150611318963146,0.18579710083418058,0,comparator / candidate; >1 favors candidate for lower RMS and lower latency,"same parent, grid, schedule and spatial target; paired neural seed; classical controls reused across neural seeds; .27 and .81 horizons pooled only after same-schedule pairing","paired_rows/finite_pairs are repeated endpoint observations, not independent fields; discrete 24 independent field clusters; continuum 12","strict candidate RMS<control RMS; strict max<control max; accuracy_and_speed requires strict RMS,max,and cost wins together; no tolerance feasibility filter",results/roadmap-full-review/neural-review.json,/paired_same_schedule/rank1/rf_base/continuum,dfd77097a59dbc0b5af3b7dc1f57073fc459c9ddc98aec45db9da92b4a0124f6
roadmap,rank1,etdrk4,discrete,DESCRIPTIVE_PAIRED_MEASUREMENTS,1440,1440,1014,971,5.198858046251379,0.2830796348739661,0,comparator / candidate; >1 favors candidate for lower RMS and lower latency,"same parent, grid, schedule and spatial target; paired neural seed; classical controls reused across neural seeds; .27 and .81 horizons pooled only after same-schedule pairing","paired_rows/finite_pairs are repeated endpoint observations, not independent fields; discrete 24 independent field clusters; continuum 12","strict candidate RMS<control RMS; strict max<control max; accuracy_and_speed requires strict RMS,max,and cost wins together; no tolerance feasibility filter",results/roadmap-full-review/neural-review.json,/paired_same_schedule/rank1/etdrk4/discrete,dfd77097a59dbc0b5af3b7dc1f57073fc459c9ddc98aec45db9da92b4a0124f6
roadmap,rank1,etdrk4,continuum,DESCRIPTIVE_PAIRED_MEASUREMENTS,720,720,651,709,1.1358388267583206,0.28269910141277405,0,comparator / candidate; >1 favors candidate for lower RMS and lower latency,"same parent, grid, schedule and spatial target; paired neural seed; classical controls reused across neural seeds; .27 and .81 horizons pooled only after same-schedule pairing","paired_rows/finite_pairs are repeated endpoint observations, not independent fields; discrete 24 independent field clusters; continuum 12","strict candidate RMS<control RMS; strict max<control max; accuracy_and_speed requires strict RMS,max,and cost wins together; no tolerance feasibility filter",results/roadmap-full-review/neural-review.json,/paired_same_schedule/rank1/etdrk4/continuum,dfd77097a59dbc0b5af3b7dc1f57073fc459c9ddc98aec45db9da92b4a0124f6
roadmap,rank1,gl3_fused,discrete,DESCRIPTIVE_PAIRED_MEASUREMENTS,1440,1440,107,134,0.20695469878528666,0.6011223433505553,0,comparator / candidate; >1 favors candidate for lower RMS and lower latency,"same parent, grid, schedule and spatial target; paired neural seed; classical controls reused across neural seeds; .27 and .81 horizons pooled only after same-schedule pairing","paired_rows/finite_pairs are repeated endpoint observations, not independent fields; discrete 24 independent field clusters; continuum 12","strict candidate RMS<control RMS; strict max<control max; accuracy_and_speed requires strict RMS,max,and cost wins together; no tolerance feasibility filter",results/roadmap-full-review/neural-review.json,/paired_same_schedule/rank1/gl3_fused/discrete,dfd77097a59dbc0b5af3b7dc1f57073fc459c9ddc98aec45db9da92b4a0124f6
roadmap,rank1,gl3_fused,continuum,DESCRIPTIVE_PAIRED_MEASUREMENTS,720,720,387,634,1.000072806949577,0.601260321985742,0,comparator / candidate; >1 favors candidate for lower RMS and lower latency,"same parent, grid, schedule and spatial target; paired neural seed; classical controls reused across neural seeds; .27 and .81 horizons pooled only after same-schedule pairing","paired_rows/finite_pairs are repeated endpoint observations, not independent fields; discrete 24 independent field clusters; continuum 12","strict candidate RMS<control RMS; strict max<control max; accuracy_and_speed requires strict RMS,max,and cost wins together; no tolerance feasibility filter",results/roadmap-full-review/neural-review.json,/paired_same_schedule/rank1/gl3_fused/continuum,dfd77097a59dbc0b5af3b7dc1f57073fc459c9ddc98aec45db9da92b4a0124f6
roadmap,direct_fno,source,discrete,DESCRIPTIVE_PAIRED_MEASUREMENTS,1440,1440,0,0,0.0003153352204085637,0.6944829783992064,0,comparator / candidate; >1 favors candidate for lower RMS and lower latency,"same parent, grid, schedule and spatial target; paired neural seed; classical controls reused across neural seeds; .27 and .81 horizons pooled only after same-schedule pairing","paired_rows/finite_pairs are repeated endpoint observations, not independent fields; discrete 24 independent field clusters; continuum 12","strict candidate RMS<control RMS; strict max<control max; accuracy_and_speed requires strict RMS,max,and cost wins together; no tolerance feasibility filter",results/roadmap-full-review/neural-review.json,/paired_same_schedule/direct_fno/source/discrete,dfd77097a59dbc0b5af3b7dc1f57073fc459c9ddc98aec45db9da92b4a0124f6
roadmap,direct_fno,source,continuum,DESCRIPTIVE_PAIRED_MEASUREMENTS,720,720,0,0,0.0010548555634663735,0.694436820564202,0,comparator / candidate; >1 favors candidate for lower RMS and lower latency,"same parent, grid, schedule and spatial target; paired neural seed; classical controls reused across neural seeds; .27 and .81 horizons pooled only after same-schedule pairing","paired_rows/finite_pairs are repeated endpoint observations, not independent fields; discrete 24 independent field clusters; continuum 12","strict candidate RMS<control RMS; strict max<control max; accuracy_and_speed requires strict RMS,max,and cost wins together; no tolerance feasibility filter",results/roadmap-full-review/neural-review.json,/paired_same_schedule/direct_fno/source/continuum,dfd77097a59dbc0b5af3b7dc1f57073fc459c9ddc98aec45db9da92b4a0124f6
roadmap,direct_fno,source_postcompression,discrete,DESCRIPTIVE_PAIRED_MEASUREMENTS,1440,1440,0,0,0.0003415814255739167,0.7745863159903899,0,comparator / candidate; >1 favors candidate for lower RMS and lower latency,"same parent, grid, schedule and spatial target; paired neural seed; classical controls reused across neural seeds; .27 and .81 horizons pooled only after same-schedule pairing","paired_rows/finite_pairs are repeated endpoint observations, not independent fields; discrete 24 independent field clusters; continuum 12","strict candidate RMS<control RMS; strict max<control max; accuracy_and_speed requires strict RMS,max,and cost wins together; no tolerance feasibility filter",results/roadmap-full-review/neural-review.json,/paired_same_schedule/direct_fno/source_postcompression/discrete,dfd77097a59dbc0b5af3b7dc1f57073fc459c9ddc98aec45db9da92b4a0124f6
roadmap,direct_fno,source_postcompression,continuum,DESCRIPTIVE_PAIRED_MEASUREMENTS,720,720,0,0,0.0010417110917902515,0.7742752962655488,0,comparator / candidate; >1 favors candidate for lower RMS and lower latency,"same parent, grid, schedule and spatial target; paired neural seed; classical controls reused across neural seeds; .27 and .81 horizons pooled only after same-schedule pairing","paired_rows/finite_pairs are repeated endpoint observations, not independent fields; discrete 24 independent field clusters; continuum 12","strict candidate RMS<control RMS; strict max<control max; accuracy_and_speed requires strict RMS,max,and cost wins together; no tolerance feasibility filter",results/roadmap-full-review/neural-review.json,/paired_same_schedule/direct_fno/source_postcompression/continuum,dfd77097a59dbc0b5af3b7dc1f57073fc459c9ddc98aec45db9da92b4a0124f6
roadmap,direct_fno,cheap_fno,discrete,DESCRIPTIVE_PAIRED_MEASUREMENTS,1440,1440,0,0,0.0003189859148239284,0.7119262689994896,0,comparator / candidate; >1 favors candidate for lower RMS and lower latency,"same parent, grid, schedule and spatial target; paired neural seed; classical controls reused across neural seeds; .27 and .81 horizons pooled only after same-schedule pairing","paired_rows/finite_pairs are repeated endpoint observations, not independent fields; discrete 24 independent field clusters; continuum 12","strict candidate RMS<control RMS; strict max<control max; accuracy_and_speed requires strict RMS,max,and cost wins together; no tolerance feasibility filter",results/roadmap-full-review/neural-review.json,/paired_same_schedule/direct_fno/cheap_fno/discrete,dfd77097a59dbc0b5af3b7dc1f57073fc459c9ddc98aec45db9da92b4a0124f6
roadmap,direct_fno,cheap_fno,continuum,DESCRIPTIVE_PAIRED_MEASUREMENTS,720,720,0,0,0.0009944290864907436,0.712154592155408,0,comparator / candidate; >1 favors candidate for lower RMS and lower latency,"same parent, grid, schedule and spatial target; paired neural seed; classical controls reused across neural seeds; .27 and .81 horizons pooled only after same-schedule pairing","paired_rows/finite_pairs are repeated endpoint observations, not independent fields; discrete 24 independent field clusters; continuum 12","strict candidate RMS<control RMS; strict max<control max; accuracy_and_speed requires strict RMS,max,and cost wins together; no tolerance feasibility filter",results/roadmap-full-review/neural-review.json,/paired_same_schedule/direct_fno/cheap_fno/continuum,dfd77097a59dbc0b5af3b7dc1f57073fc459c9ddc98aec45db9da92b4a0124f6
roadmap,direct_fno,deep_fno,discrete,DESCRIPTIVE_PAIRED_MEASUREMENTS,1440,1440,0,0,0.00031488876282049735,1.3229283429234282,0,comparator / candidate; >1 favors candidate for lower RMS and lower latency,"same parent, grid, schedule and spatial target; paired neural seed; classical controls reused across neural seeds; .27 and .81 horizons pooled only after same-schedule pairing","paired_rows/finite_pairs are repeated endpoint observations, not independent fields; discrete 24 independent field clusters; continuum 12","strict candidate RMS<control RMS; strict max<control max; accuracy_and_speed requires strict RMS,max,and cost wins together; no tolerance feasibility filter",results/roadmap-full-review/neural-review.json,/paired_same_schedule/direct_fno/deep_fno/discrete,dfd77097a59dbc0b5af3b7dc1f57073fc459c9ddc98aec45db9da92b4a0124f6
roadmap,direct_fno,deep_fno,continuum,DESCRIPTIVE_PAIRED_MEASUREMENTS,720,720,0,0,0.0010769098776934314,1.32330766837446,0,comparator / candidate; >1 favors candidate for lower RMS and lower latency,"same parent, grid, schedule and spatial target; paired neural seed; classical controls reused across neural seeds; .27 and .81 horizons pooled only after same-schedule pairing","paired_rows/finite_pairs are repeated endpoint observations, not independent fields; discrete 24 independent field clusters; continuum 12","strict candidate RMS<control RMS; strict max<control max; accuracy_and_speed requires strict RMS,max,and cost wins together; no tolerance feasibility filter",results/roadmap-full-review/neural-review.json,/paired_same_schedule/direct_fno/deep_fno/continuum,dfd77097a59dbc0b5af3b7dc1f57073fc459c9ddc98aec45db9da92b4a0124f6
roadmap,direct_fno,df_base,discrete,DESCRIPTIVE_PAIRED_MEASUREMENTS,1440,1440,0,0,0.00031901134842244217,0.21816784547433227,0,comparator / candidate; >1 favors candidate for lower RMS and lower latency,"same parent, grid, schedule and spatial target; paired neural seed; classical controls reused across neural seeds; .27 and .81 horizons pooled only after same-schedule pairing","paired_rows/finite_pairs are repeated endpoint observations, not independent fields; discrete 24 independent field clusters; continuum 12","strict candidate RMS<control RMS; strict max<control max; accuracy_and_speed requires strict RMS,max,and cost wins together; no tolerance feasibility filter",results/roadmap-full-review/neural-review.json,/paired_same_schedule/direct_fno/df_base/discrete,dfd77097a59dbc0b5af3b7dc1f57073fc459c9ddc98aec45db9da92b4a0124f6
roadmap,direct_fno,df_base,continuum,DESCRIPTIVE_PAIRED_MEASUREMENTS,720,720,0,0,0.0009953441149722704,0.2186886384316896,0,comparator / candidate; >1 favors candidate for lower RMS and lower latency,"same parent, grid, schedule and spatial target; paired neural seed; classical controls reused across neural seeds; .27 and .81 horizons pooled only after same-schedule pairing","paired_rows/finite_pairs are repeated endpoint observations, not independent fields; discrete 24 independent field clusters; continuum 12","strict candidate RMS<control RMS; strict max<control max; accuracy_and_speed requires strict RMS,max,and cost wins together; no tolerance feasibility filter",results/roadmap-full-review/neural-review.json,/paired_same_schedule/direct_fno/df_base/continuum,dfd77097a59dbc0b5af3b7dc1f57073fc459c9ddc98aec45db9da92b4a0124f6
roadmap,direct_fno,df_quad2,discrete,DESCRIPTIVE_PAIRED_MEASUREMENTS,1440,1440,0,0,2.333965719659348e-05,1.0315506499442595,0,comparator / candidate; >1 favors candidate for lower RMS and lower latency,"same parent, grid, schedule and spatial target; paired neural seed; classical controls reused across neural seeds; .27 and .81 horizons pooled only after same-schedule pairing","paired_rows/finite_pairs are repeated endpoint observations, not independent fields; discrete 24 independent field clusters; continuum 12","strict candidate RMS<control RMS; strict max<control max; accuracy_and_speed requires strict RMS,max,and cost wins together; no tolerance feasibility filter",results/roadmap-full-review/neural-review.json,/paired_same_schedule/direct_fno/df_quad2/discrete,dfd77097a59dbc0b5af3b7dc1f57073fc459c9ddc98aec45db9da92b4a0124f6
roadmap,direct_fno,df_quad2,continuum,DESCRIPTIVE_PAIRED_MEASUREMENTS,720,720,0,0,0.000880479005268072,1.0313794006634263,0,comparator / candidate; >1 favors candidate for lower RMS and lower latency,"same parent, grid, schedule and spatial target; paired neural seed; classical controls reused across neural seeds; .27 and .81 horizons pooled only after same-schedule pairing","paired_rows/finite_pairs are repeated endpoint observations, not independent fields; discrete 24 independent field clusters; continuum 12","strict candidate RMS<control RMS; strict max<control max; accuracy_and_speed requires strict RMS,max,and cost wins together; no tolerance feasibility filter",results/roadmap-full-review/neural-review.json,/paired_same_schedule/direct_fno/df_quad2/continuum,dfd77097a59dbc0b5af3b7dc1f57073fc459c9ddc98aec45db9da92b4a0124f6
roadmap,direct_fno,rf_base,discrete,DESCRIPTIVE_PAIRED_MEASUREMENTS,1440,1440,0,0,0.0005139035840934628,0.24108343083206632,0,comparator / candidate; >1 favors candidate for lower RMS and lower latency,"same parent, grid, schedule and spatial target; paired neural seed; classical controls reused across neural seeds; .27 and .81 horizons pooled only after same-schedule pairing","paired_rows/finite_pairs are repeated endpoint observations, not independent fields; discrete 24 independent field clusters; continuum 12","strict candidate RMS<control RMS; strict max<control max; accuracy_and_speed requires strict RMS,max,and cost wins together; no tolerance feasibility filter",results/roadmap-full-review/neural-review.json,/paired_same_schedule/direct_fno/rf_base/discrete,dfd77097a59dbc0b5af3b7dc1f57073fc459c9ddc98aec45db9da92b4a0124f6
roadmap,direct_fno,rf_base,continuum,DESCRIPTIVE_PAIRED_MEASUREMENTS,720,720,0,0,0.0024003683710152753,0.2409780456890861,0,comparator / candidate; >1 favors candidate for lower RMS and lower latency,"same parent, grid, schedule and spatial target; paired neural seed; classical controls reused across neural seeds; .27 and .81 horizons pooled only after same-schedule pairing","paired_rows/finite_pairs are repeated endpoint observations, not independent fields; discrete 24 independent field clusters; continuum 12","strict candidate RMS<control RMS; strict max<control max; accuracy_and_speed requires strict RMS,max,and cost wins together; no tolerance feasibility filter",results/roadmap-full-review/neural-review.json,/paired_same_schedule/direct_fno/rf_base/continuum,dfd77097a59dbc0b5af3b7dc1f57073fc459c9ddc98aec45db9da92b4a0124f6
roadmap,direct_fno,etdrk4,discrete,DESCRIPTIVE_PAIRED_MEASUREMENTS,1440,1440,0,0,0.0001754531143663035,0.36745410012273705,0,comparator / candidate; >1 favors candidate for lower RMS and lower latency,"same parent, grid, schedule and spatial target; paired neural seed; classical controls reused across neural seeds; .27 and .81 horizons pooled only after same-schedule pairing","paired_rows/finite_pairs are repeated endpoint observations, not independent fields; discrete 24 independent field clusters; continuum 12","strict candidate RMS<control RMS; strict max<control max; accuracy_and_speed requires strict RMS,max,and cost wins together; no tolerance feasibility filter",results/roadmap-full-review/neural-review.json,/paired_same_schedule/direct_fno/etdrk4/discrete,dfd77097a59dbc0b5af3b7dc1f57073fc459c9ddc98aec45db9da92b4a0124f6
roadmap,direct_fno,etdrk4,continuum,DESCRIPTIVE_PAIRED_MEASUREMENTS,720,720,0,0,0.011656976636598877,0.3666707046089176,0,comparator / candidate; >1 favors candidate for lower RMS and lower latency,"same parent, grid, schedule and spatial target; paired neural seed; classical controls reused across neural seeds; .27 and .81 horizons pooled only after same-schedule pairing","paired_rows/finite_pairs are repeated endpoint observations, not independent fields; discrete 24 independent field clusters; continuum 12","strict candidate RMS<control RMS; strict max<control max; accuracy_and_speed requires strict RMS,max,and cost wins together; no tolerance feasibility filter",results/roadmap-full-review/neural-review.json,/paired_same_schedule/direct_fno/etdrk4/continuum,dfd77097a59dbc0b5af3b7dc1f57073fc459c9ddc98aec45db9da92b4a0124f6
roadmap,direct_fno,gl3_fused,discrete,DESCRIPTIVE_PAIRED_MEASUREMENTS,1440,1440,0,0,1.4105597238735112e-05,0.7794502864693202,0,comparator / candidate; >1 favors candidate for lower RMS and lower latency,"same parent, grid, schedule and spatial target; paired neural seed; classical controls reused across neural seeds; .27 and .81 horizons pooled only after same-schedule pairing","paired_rows/finite_pairs are repeated endpoint observations, not independent fields; discrete 24 independent field clusters; continuum 12","strict candidate RMS<control RMS; strict max<control max; accuracy_and_speed requires strict RMS,max,and cost wins together; no tolerance feasibility filter",results/roadmap-full-review/neural-review.json,/paired_same_schedule/direct_fno/gl3_fused/discrete,dfd77097a59dbc0b5af3b7dc1f57073fc459c9ddc98aec45db9da92b4a0124f6
roadmap,direct_fno,gl3_fused,continuum,DESCRIPTIVE_PAIRED_MEASUREMENTS,720,720,0,0,0.0008394886680589361,0.779318103039286,0,comparator / candidate; >1 favors candidate for lower RMS and lower latency,"same parent, grid, schedule and spatial target; paired neural seed; classical controls reused across neural seeds; .27 and .81 horizons pooled only after same-schedule pairing","paired_rows/finite_pairs are repeated endpoint observations, not independent fields; discrete 24 independent field clusters; continuum 12","strict candidate RMS<control RMS; strict max<control max; accuracy_and_speed requires strict RMS,max,and cost wins together; no tolerance feasibility filter",results/roadmap-full-review/neural-review.json,/paired_same_schedule/direct_fno/gl3_fused/continuum,dfd77097a59dbc0b5af3b7dc1f57073fc459c9ddc98aec45db9da92b4a0124f6
roadmap,df_base,source,discrete,UNAVAILABLE_NO_MATCHED_ROWS,0,0,0,0,,,0,comparator / candidate; >1 favors candidate for lower RMS and lower latency,"same parent, grid, schedule and spatial target; paired neural seed; classical controls reused across neural seeds; .27 and .81 horizons pooled only after same-schedule pairing","paired_rows/finite_pairs are repeated endpoint observations, not independent fields; discrete 24 independent field clusters; continuum 12","strict candidate RMS<control RMS; strict max<control max; accuracy_and_speed requires strict RMS,max,and cost wins together; no tolerance feasibility filter",results/roadmap-full-review/neural-review.json,/paired_same_schedule/df_base/source/discrete,dfd77097a59dbc0b5af3b7dc1f57073fc459c9ddc98aec45db9da92b4a0124f6
roadmap,df_base,source,continuum,UNAVAILABLE_NO_MATCHED_ROWS,0,0,0,0,,,0,comparator / candidate; >1 favors candidate for lower RMS and lower latency,"same parent, grid, schedule and spatial target; paired neural seed; classical controls reused across neural seeds; .27 and .81 horizons pooled only after same-schedule pairing","paired_rows/finite_pairs are repeated endpoint observations, not independent fields; discrete 24 independent field clusters; continuum 12","strict candidate RMS<control RMS; strict max<control max; accuracy_and_speed requires strict RMS,max,and cost wins together; no tolerance feasibility filter",results/roadmap-full-review/neural-review.json,/paired_same_schedule/df_base/source/continuum,dfd77097a59dbc0b5af3b7dc1f57073fc459c9ddc98aec45db9da92b4a0124f6
roadmap,df_base,source_postcompression,discrete,UNAVAILABLE_NO_MATCHED_ROWS,0,0,0,0,,,0,comparator / candidate; >1 favors candidate for lower RMS and lower latency,"same parent, grid, schedule and spatial target; paired neural seed; classical controls reused across neural seeds; .27 and .81 horizons pooled only after same-schedule pairing","paired_rows/finite_pairs are repeated endpoint observations, not independent fields; discrete 24 independent field clusters; continuum 12","strict candidate RMS<control RMS; strict max<control max; accuracy_and_speed requires strict RMS,max,and cost wins together; no tolerance feasibility filter",results/roadmap-full-review/neural-review.json,/paired_same_schedule/df_base/source_postcompression/discrete,dfd77097a59dbc0b5af3b7dc1f57073fc459c9ddc98aec45db9da92b4a0124f6
roadmap,df_base,source_postcompression,continuum,UNAVAILABLE_NO_MATCHED_ROWS,0,0,0,0,,,0,comparator / candidate; >1 favors candidate for lower RMS and lower latency,"same parent, grid, schedule and spatial target; paired neural seed; classical controls reused across neural seeds; .27 and .81 horizons pooled only after same-schedule pairing","paired_rows/finite_pairs are repeated endpoint observations, not independent fields; discrete 24 independent field clusters; continuum 12","strict candidate RMS<control RMS; strict max<control max; accuracy_and_speed requires strict RMS,max,and cost wins together; no tolerance feasibility filter",results/roadmap-full-review/neural-review.json,/paired_same_schedule/df_base/source_postcompression/continuum,dfd77097a59dbc0b5af3b7dc1f57073fc459c9ddc98aec45db9da92b4a0124f6
roadmap,df_base,cheap_fno,discrete,UNAVAILABLE_NO_MATCHED_ROWS,0,0,0,0,,,0,comparator / candidate; >1 favors candidate for lower RMS and lower latency,"same parent, grid, schedule and spatial target; paired neural seed; classical controls reused across neural seeds; .27 and .81 horizons pooled only after same-schedule pairing","paired_rows/finite_pairs are repeated endpoint observations, not independent fields; discrete 24 independent field clusters; continuum 12","strict candidate RMS<control RMS; strict max<control max; accuracy_and_speed requires strict RMS,max,and cost wins together; no tolerance feasibility filter",results/roadmap-full-review/neural-review.json,/paired_same_schedule/df_base/cheap_fno/discrete,dfd77097a59dbc0b5af3b7dc1f57073fc459c9ddc98aec45db9da92b4a0124f6
roadmap,df_base,cheap_fno,continuum,UNAVAILABLE_NO_MATCHED_ROWS,0,0,0,0,,,0,comparator / candidate; >1 favors candidate for lower RMS and lower latency,"same parent, grid, schedule and spatial target; paired neural seed; classical controls reused across neural seeds; .27 and .81 horizons pooled only after same-schedule pairing","paired_rows/finite_pairs are repeated endpoint observations, not independent fields; discrete 24 independent field clusters; continuum 12","strict candidate RMS<control RMS; strict max<control max; accuracy_and_speed requires strict RMS,max,and cost wins together; no tolerance feasibility filter",results/roadmap-full-review/neural-review.json,/paired_same_schedule/df_base/cheap_fno/continuum,dfd77097a59dbc0b5af3b7dc1f57073fc459c9ddc98aec45db9da92b4a0124f6
roadmap,df_base,deep_fno,discrete,UNAVAILABLE_NO_MATCHED_ROWS,0,0,0,0,,,0,comparator / candidate; >1 favors candidate for lower RMS and lower latency,"same parent, grid, schedule and spatial target; paired neural seed; classical controls reused across neural seeds; .27 and .81 horizons pooled only after same-schedule pairing","paired_rows/finite_pairs are repeated endpoint observations, not independent fields; discrete 24 independent field clusters; continuum 12","strict candidate RMS<control RMS; strict max<control max; accuracy_and_speed requires strict RMS,max,and cost wins together; no tolerance feasibility filter",results/roadmap-full-review/neural-review.json,/paired_same_schedule/df_base/deep_fno/discrete,dfd77097a59dbc0b5af3b7dc1f57073fc459c9ddc98aec45db9da92b4a0124f6
roadmap,df_base,deep_fno,continuum,UNAVAILABLE_NO_MATCHED_ROWS,0,0,0,0,,,0,comparator / candidate; >1 favors candidate for lower RMS and lower latency,"same parent, grid, schedule and spatial target; paired neural seed; classical controls reused across neural seeds; .27 and .81 horizons pooled only after same-schedule pairing","paired_rows/finite_pairs are repeated endpoint observations, not independent fields; discrete 24 independent field clusters; continuum 12","strict candidate RMS<control RMS; strict max<control max; accuracy_and_speed requires strict RMS,max,and cost wins together; no tolerance feasibility filter",results/roadmap-full-review/neural-review.json,/paired_same_schedule/df_base/deep_fno/continuum,dfd77097a59dbc0b5af3b7dc1f57073fc459c9ddc98aec45db9da92b4a0124f6
roadmap,df_base,direct_fno,discrete,UNAVAILABLE_NO_MATCHED_ROWS,0,0,0,0,,,0,comparator / candidate; >1 favors candidate for lower RMS and lower latency,"same parent, grid, schedule and spatial target; paired neural seed; classical controls reused across neural seeds; .27 and .81 horizons pooled only after same-schedule pairing","paired_rows/finite_pairs are repeated endpoint observations, not independent fields; discrete 24 independent field clusters; continuum 12","strict candidate RMS<control RMS; strict max<control max; accuracy_and_speed requires strict RMS,max,and cost wins together; no tolerance feasibility filter",results/roadmap-full-review/neural-review.json,/paired_same_schedule/df_base/direct_fno/discrete,dfd77097a59dbc0b5af3b7dc1f57073fc459c9ddc98aec45db9da92b4a0124f6
roadmap,df_base,direct_fno,continuum,UNAVAILABLE_NO_MATCHED_ROWS,0,0,0,0,,,0,comparator / candidate; >1 favors candidate for lower RMS and lower latency,"same parent, grid, schedule and spatial target; paired neural seed; classical controls reused across neural seeds; .27 and .81 horizons pooled only after same-schedule pairing","paired_rows/finite_pairs are repeated endpoint observations, not independent fields; discrete 24 independent field clusters; continuum 12","strict candidate RMS<control RMS; strict max<control max; accuracy_and_speed requires strict RMS,max,and cost wins together; no tolerance feasibility filter",results/roadmap-full-review/neural-review.json,/paired_same_schedule/df_base/direct_fno/continuum,dfd77097a59dbc0b5af3b7dc1f57073fc459c9ddc98aec45db9da92b4a0124f6
roadmap,df_base,df_quad2,discrete,DESCRIPTIVE_PAIRED_MEASUREMENTS,480,480,28,32,0.12905666672613464,4.733411769914552,25,comparator / candidate; >1 favors candidate for lower RMS and lower latency,"same parent, grid, schedule and spatial target; paired neural seed; classical controls reused across neural seeds; .27 and .81 horizons pooled only after same-schedule pairing","paired_rows/finite_pairs are repeated endpoint observations, not independent fields; discrete 24 independent field clusters; continuum 12","strict candidate RMS<control RMS; strict max<control max; accuracy_and_speed requires strict RMS,max,and cost wins together; no tolerance feasibility filter",results/roadmap-full-review/neural-review.json,/paired_same_schedule/df_base/df_quad2/discrete,dfd77097a59dbc0b5af3b7dc1f57073fc459c9ddc98aec45db9da92b4a0124f6
roadmap,df_base,df_quad2,continuum,DESCRIPTIVE_PAIRED_MEASUREMENTS,240,240,105,168,0.99947423354137,4.733411769914552,105,comparator / candidate; >1 favors candidate for lower RMS and lower latency,"same parent, grid, schedule and spatial target; paired neural seed; classical controls reused across neural seeds; .27 and .81 horizons pooled only after same-schedule pairing","paired_rows/finite_pairs are repeated endpoint observations, not independent fields; discrete 24 independent field clusters; continuum 12","strict candidate RMS<control RMS; strict max<control max; accuracy_and_speed requires strict RMS,max,and cost wins together; no tolerance feasibility filter",results/roadmap-full-review/neural-review.json,/paired_same_schedule/df_base/df_quad2/continuum,dfd77097a59dbc0b5af3b7dc1f57073fc459c9ddc98aec45db9da92b4a0124f6
roadmap,df_base,rf_base,discrete,DESCRIPTIVE_PAIRED_MEASUREMENTS,480,480,397,405,1.9635052393072026,1.1069199573009245,372,comparator / candidate; >1 favors candidate for lower RMS and lower latency,"same parent, grid, schedule and spatial target; paired neural seed; classical controls reused across neural seeds; .27 and .81 horizons pooled only after same-schedule pairing","paired_rows/finite_pairs are repeated endpoint observations, not independent fields; discrete 24 independent field clusters; continuum 12","strict candidate RMS<control RMS; strict max<control max; accuracy_and_speed requires strict RMS,max,and cost wins together; no tolerance feasibility filter",results/roadmap-full-review/neural-review.json,/paired_same_schedule/df_base/rf_base/discrete,dfd77097a59dbc0b5af3b7dc1f57073fc459c9ddc98aec45db9da92b4a0124f6
roadmap,df_base,rf_base,continuum,DESCRIPTIVE_PAIRED_MEASUREMENTS,240,240,196,240,1.0800630260475996,1.1059152196892952,184,comparator / candidate; >1 favors candidate for lower RMS and lower latency,"same parent, grid, schedule and spatial target; paired neural seed; classical controls reused across neural seeds; .27 and .81 horizons pooled only after same-schedule pairing","paired_rows/finite_pairs are repeated endpoint observations, not independent fields; discrete 24 independent field clusters; continuum 12","strict candidate RMS<control RMS; strict max<control max; accuracy_and_speed requires strict RMS,max,and cost wins together; no tolerance feasibility filter",results/roadmap-full-review/neural-review.json,/paired_same_schedule/df_base/rf_base/continuum,dfd77097a59dbc0b5af3b7dc1f57073fc459c9ddc98aec45db9da92b4a0124f6
roadmap,df_base,etdrk4,discrete,DESCRIPTIVE_PAIRED_MEASUREMENTS,480,480,299,289,2.8418058766442362,1.6878717181100955,286,comparator / candidate; >1 favors candidate for lower RMS and lower latency,"same parent, grid, schedule and spatial target; paired neural seed; classical controls reused across neural seeds; .27 and .81 horizons pooled only after same-schedule pairing","paired_rows/finite_pairs are repeated endpoint observations, not independent fields; discrete 24 independent field clusters; continuum 12","strict candidate RMS<control RMS; strict max<control max; accuracy_and_speed requires strict RMS,max,and cost wins together; no tolerance feasibility filter",results/roadmap-full-review/neural-review.json,/paired_same_schedule/df_base/etdrk4/discrete,dfd77097a59dbc0b5af3b7dc1f57073fc459c9ddc98aec45db9da92b4a0124f6
roadmap,df_base,etdrk4,continuum,DESCRIPTIVE_PAIRED_MEASUREMENTS,240,240,210,230,1.178281540830525,1.6773082928759182,208,comparator / candidate; >1 favors candidate for lower RMS and lower latency,"same parent, grid, schedule and spatial target; paired neural seed; classical controls reused across neural seeds; .27 and .81 horizons pooled only after same-schedule pairing","paired_rows/finite_pairs are repeated endpoint observations, not independent fields; discrete 24 independent field clusters; continuum 12","strict candidate RMS<control RMS; strict max<control max; accuracy_and_speed requires strict RMS,max,and cost wins together; no tolerance feasibility filter",results/roadmap-full-review/neural-review.json,/paired_same_schedule/df_base/etdrk4/continuum,dfd77097a59dbc0b5af3b7dc1f57073fc459c9ddc98aec45db9da92b4a0124f6
roadmap,df_base,gl3_fused,discrete,DESCRIPTIVE_PAIRED_MEASUREMENTS,480,480,24,30,0.08670174774602409,3.559770516278258,22,comparator / candidate; >1 favors candidate for lower RMS and lower latency,"same parent, grid, schedule and spatial target; paired neural seed; classical controls reused across neural seeds; .27 and .81 horizons pooled only after same-schedule pairing","paired_rows/finite_pairs are repeated endpoint observations, not independent fields; discrete 24 independent field clusters; continuum 12","strict candidate RMS<control RMS; strict max<control max; accuracy_and_speed requires strict RMS,max,and cost wins together; no tolerance feasibility filter",results/roadmap-full-review/neural-review.json,/paired_same_schedule/df_base/gl3_fused/discrete,dfd77097a59dbc0b5af3b7dc1f57073fc459c9ddc98aec45db9da92b4a0124f6
roadmap,df_base,gl3_fused,continuum,DESCRIPTIVE_PAIRED_MEASUREMENTS,240,240,93,191,0.9970465863602851,3.543226091886592,93,comparator / candidate; >1 favors candidate for lower RMS and lower latency,"same parent, grid, schedule and spatial target; paired neural seed; classical controls reused across neural seeds; .27 and .81 horizons pooled only after same-schedule pairing","paired_rows/finite_pairs are repeated endpoint observations, not independent fields; discrete 24 independent field clusters; continuum 12","strict candidate RMS<control RMS; strict max<control max; accuracy_and_speed requires strict RMS,max,and cost wins together; no tolerance feasibility filter",results/roadmap-full-review/neural-review.json,/paired_same_schedule/df_base/gl3_fused/continuum,dfd77097a59dbc0b5af3b7dc1f57073fc459c9ddc98aec45db9da92b4a0124f6
roadmap,c1_rank0,source,discrete,DESCRIPTIVE_PAIRED_MEASUREMENTS,1440,1440,1380,1364,7.090866421738678,0.4847245836735201,0,comparator / candidate; >1 favors candidate for lower RMS and lower latency,"same parent, grid, schedule and spatial target; paired neural seed; classical controls reused across neural seeds; .27 and .81 horizons pooled only after same-schedule pairing","paired_rows/finite_pairs are repeated endpoint observations, not independent fields; discrete 24 independent field clusters; continuum 12","strict candidate RMS<control RMS; strict max<control max; accuracy_and_speed requires strict RMS,max,and cost wins together; no tolerance feasibility filter",results/roadmap-full-review/neural-review.json,/paired_same_schedule/c1_rank0/source/discrete,dfd77097a59dbc0b5af3b7dc1f57073fc459c9ddc98aec45db9da92b4a0124f6
roadmap,c1_rank0,source,continuum,DESCRIPTIVE_PAIRED_MEASUREMENTS,720,720,309,181,0.9998537166443835,0.48508650205707954,0,comparator / candidate; >1 favors candidate for lower RMS and lower latency,"same parent, grid, schedule and spatial target; paired neural seed; classical controls reused across neural seeds; .27 and .81 horizons pooled only after same-schedule pairing","paired_rows/finite_pairs are repeated endpoint observations, not independent fields; discrete 24 independent field clusters; continuum 12","strict candidate RMS<control RMS; strict max<control max; accuracy_and_speed requires strict RMS,max,and cost wins together; no tolerance feasibility filter",results/roadmap-full-review/neural-review.json,/paired_same_schedule/c1_rank0/source/continuum,dfd77097a59dbc0b5af3b7dc1f57073fc459c9ddc98aec45db9da92b4a0124f6
roadmap,c1_rank0,source_postcompression,discrete,DESCRIPTIVE_PAIRED_MEASUREMENTS,1440,1440,1338,1331,7.748534226601556,0.5413768530655267,0,comparator / candidate; >1 favors candidate for lower RMS and lower latency,"same parent, grid, schedule and spatial target; paired neural seed; classical controls reused across neural seeds; .27 and .81 horizons pooled only after same-schedule pairing","paired_rows/finite_pairs are repeated endpoint observations, not independent fields; discrete 24 independent field clusters; continuum 12","strict candidate RMS<control RMS; strict max<control max; accuracy_and_speed requires strict RMS,max,and cost wins together; no tolerance feasibility filter",results/roadmap-full-review/neural-review.json,/paired_same_schedule/c1_rank0/source_postcompression/discrete,dfd77097a59dbc0b5af3b7dc1f57073fc459c9ddc98aec45db9da92b4a0124f6
roadmap,c1_rank0,source_postcompression,continuum,DESCRIPTIVE_PAIRED_MEASUREMENTS,720,720,310,262,0.9998605694111267,0.5412470715424105,0,comparator / candidate; >1 favors candidate for lower RMS and lower latency,"same parent, grid, schedule and spatial target; paired neural seed; classical controls reused across neural seeds; .27 and .81 horizons pooled only after same-schedule pairing","paired_rows/finite_pairs are repeated endpoint observations, not independent fields; discrete 24 independent field clusters; continuum 12","strict candidate RMS<control RMS; strict max<control max; accuracy_and_speed requires strict RMS,max,and cost wins together; no tolerance feasibility filter",results/roadmap-full-review/neural-review.json,/paired_same_schedule/c1_rank0/source_postcompression/continuum,dfd77097a59dbc0b5af3b7dc1f57073fc459c9ddc98aec45db9da92b4a0124f6
roadmap,c1_rank0,cheap_fno,discrete,DESCRIPTIVE_PAIRED_MEASUREMENTS,1440,1440,1355,1343,7.229859937627085,0.49719326617953785,0,comparator / candidate; >1 favors candidate for lower RMS and lower latency,"same parent, grid, schedule and spatial target; paired neural seed; classical controls reused across neural seeds; .27 and .81 horizons pooled only after same-schedule pairing","paired_rows/finite_pairs are repeated endpoint observations, not independent fields; discrete 24 independent field clusters; continuum 12","strict candidate RMS<control RMS; strict max<control max; accuracy_and_speed requires strict RMS,max,and cost wins together; no tolerance feasibility filter",results/roadmap-full-review/neural-review.json,/paired_same_schedule/c1_rank0/cheap_fno/discrete,dfd77097a59dbc0b5af3b7dc1f57073fc459c9ddc98aec45db9da92b4a0124f6
roadmap,c1_rank0,cheap_fno,continuum,DESCRIPTIVE_PAIRED_MEASUREMENTS,720,720,301,168,0.9998381252053306,0.49739405307853524,0,comparator / candidate; >1 favors candidate for lower RMS and lower latency,"same parent, grid, schedule and spatial target; paired neural seed; classical controls reused across neural seeds; .27 and .81 horizons pooled only after same-schedule pairing","paired_rows/finite_pairs are repeated endpoint observations, not independent fields; discrete 24 independent field clusters; continuum 12","strict candidate RMS<control RMS; strict max<control max; accuracy_and_speed requires strict RMS,max,and cost wins together; no tolerance feasibility filter",results/roadmap-full-review/neural-review.json,/paired_same_schedule/c1_rank0/cheap_fno/continuum,dfd77097a59dbc0b5af3b7dc1f57073fc459c9ddc98aec45db9da92b4a0124f6
roadmap,c1_rank0,deep_fno,discrete,DESCRIPTIVE_PAIRED_MEASUREMENTS,1440,1440,1387,1372,7.066766869497817,0.9240490334717442,40,comparator / candidate; >1 favors candidate for lower RMS and lower latency,"same parent, grid, schedule and spatial target; paired neural seed; classical controls reused across neural seeds; .27 and .81 horizons pooled only after same-schedule pairing","paired_rows/finite_pairs are repeated endpoint observations, not independent fields; discrete 24 independent field clusters; continuum 12","strict candidate RMS<control RMS; strict max<control max; accuracy_and_speed requires strict RMS,max,and cost wins together; no tolerance feasibility filter",results/roadmap-full-review/neural-review.json,/paired_same_schedule/c1_rank0/deep_fno/discrete,dfd77097a59dbc0b5af3b7dc1f57073fc459c9ddc98aec45db9da92b4a0124f6
roadmap,c1_rank0,deep_fno,continuum,DESCRIPTIVE_PAIRED_MEASUREMENTS,720,720,310,183,0.9998618630863193,0.9241814250999633,7,comparator / candidate; >1 favors candidate for lower RMS and lower latency,"same parent, grid, schedule and spatial target; paired neural seed; classical controls reused across neural seeds; .27 and .81 horizons pooled only after same-schedule pairing","paired_rows/finite_pairs are repeated endpoint observations, not independent fields; discrete 24 independent field clusters; continuum 12","strict candidate RMS<control RMS; strict max<control max; accuracy_and_speed requires strict RMS,max,and cost wins together; no tolerance feasibility filter",results/roadmap-full-review/neural-review.json,/paired_same_schedule/c1_rank0/deep_fno/continuum,dfd77097a59dbc0b5af3b7dc1f57073fc459c9ddc98aec45db9da92b4a0124f6
roadmap,c1_rank0,direct_fno,discrete,DESCRIPTIVE_PAIRED_MEASUREMENTS,1440,1440,1440,1440,38529.67555229235,0.6984068851433869,1,comparator / candidate; >1 favors candidate for lower RMS and lower latency,"same parent, grid, schedule and spatial target; paired neural seed; classical controls reused across neural seeds; .27 and .81 horizons pooled only after same-schedule pairing","paired_rows/finite_pairs are repeated endpoint observations, not independent fields; discrete 24 independent field clusters; continuum 12","strict candidate RMS<control RMS; strict max<control max; accuracy_and_speed requires strict RMS,max,and cost wins together; no tolerance feasibility filter",results/roadmap-full-review/neural-review.json,/paired_same_schedule/c1_rank0/direct_fno/discrete,dfd77097a59dbc0b5af3b7dc1f57073fc459c9ddc98aec45db9da92b4a0124f6
roadmap,c1_rank0,direct_fno,continuum,DESCRIPTIVE_PAIRED_MEASUREMENTS,720,720,720,720,1080.8187302825131,0.6984395311830618,0,comparator / candidate; >1 favors candidate for lower RMS and lower latency,"same parent, grid, schedule and spatial target; paired neural seed; classical controls reused across neural seeds; .27 and .81 horizons pooled only after same-schedule pairing","paired_rows/finite_pairs are repeated endpoint observations, not independent fields; discrete 24 independent field clusters; continuum 12","strict candidate RMS<control RMS; strict max<control max; accuracy_and_speed requires strict RMS,max,and cost wins together; no tolerance feasibility filter",results/roadmap-full-review/neural-review.json,/paired_same_schedule/c1_rank0/direct_fno/continuum,dfd77097a59dbc0b5af3b7dc1f57073fc459c9ddc98aec45db9da92b4a0124f6
roadmap,c1_rank0,df_base,discrete,DESCRIPTIVE_PAIRED_MEASUREMENTS,1440,1440,1318,1304,7.341798701275297,0.15244742942999684,0,comparator / candidate; >1 favors candidate for lower RMS and lower latency,"same parent, grid, schedule and spatial target; paired neural seed; classical controls reused across neural seeds; .27 and .81 horizons pooled only after same-schedule pairing","paired_rows/finite_pairs are repeated endpoint observations, not independent fields; discrete 24 independent field clusters; continuum 12","strict candidate RMS<control RMS; strict max<control max; accuracy_and_speed requires strict RMS,max,and cost wins together; no tolerance feasibility filter",results/roadmap-full-review/neural-review.json,/paired_same_schedule/c1_rank0/df_base/discrete,dfd77097a59dbc0b5af3b7dc1f57073fc459c9ddc98aec45db9da92b4a0124f6
roadmap,c1_rank0,df_base,continuum,DESCRIPTIVE_PAIRED_MEASUREMENTS,720,720,383,199,1.0003178349284019,0.15271115505113103,0,comparator / candidate; >1 favors candidate for lower RMS and lower latency,"same parent, grid, schedule and spatial target; paired neural seed; classical controls reused across neural seeds; .27 and .81 horizons pooled only after same-schedule pairing","paired_rows/finite_pairs are repeated endpoint observations, not independent fields; discrete 24 independent field clusters; continuum 12","strict candidate RMS<control RMS; strict max<control max; accuracy_and_speed requires strict RMS,max,and cost wins together; no tolerance feasibility filter",results/roadmap-full-review/neural-review.json,/paired_same_schedule/c1_rank0/df_base/continuum,dfd77097a59dbc0b5af3b7dc1f57073fc459c9ddc98aec45db9da92b4a0124f6
roadmap,c1_rank0,df_quad2,discrete,DESCRIPTIVE_PAIRED_MEASUREMENTS,1440,1440,715,689,1.0,0.7206595830562681,0,comparator / candidate; >1 favors candidate for lower RMS and lower latency,"same parent, grid, schedule and spatial target; paired neural seed; classical controls reused across neural seeds; .27 and .81 horizons pooled only after same-schedule pairing","paired_rows/finite_pairs are repeated endpoint observations, not independent fields; discrete 24 independent field clusters; continuum 12","strict candidate RMS<control RMS; strict max<control max; accuracy_and_speed requires strict RMS,max,and cost wins together; no tolerance feasibility filter",results/roadmap-full-review/neural-review.json,/paired_same_schedule/c1_rank0/df_quad2/discrete,dfd77097a59dbc0b5af3b7dc1f57073fc459c9ddc98aec45db9da92b4a0124f6
roadmap,c1_rank0,df_quad2,continuum,DESCRIPTIVE_PAIRED_MEASUREMENTS,720,720,287,279,0.9999998299475075,0.721187259012793,0,comparator / candidate; >1 favors candidate for lower RMS and lower latency,"same parent, grid, schedule and spatial target; paired neural seed; classical controls reused across neural seeds; .27 and .81 horizons pooled only after same-schedule pairing","paired_rows/finite_pairs are repeated endpoint observations, not independent fields; discrete 24 independent field clusters; continuum 12","strict candidate RMS<control RMS; strict max<control max; accuracy_and_speed requires strict RMS,max,and cost wins together; no tolerance feasibility filter",results/roadmap-full-review/neural-review.json,/paired_same_schedule/c1_rank0/df_quad2/continuum,dfd77097a59dbc0b5af3b7dc1f57073fc459c9ddc98aec45db9da92b4a0124f6
roadmap,c1_rank0,rf_base,discrete,DESCRIPTIVE_PAIRED_MEASUREMENTS,1440,1440,1412,1355,12.88428429617646,0.16831200578355127,0,comparator / candidate; >1 favors candidate for lower RMS and lower latency,"same parent, grid, schedule and spatial target; paired neural seed; classical controls reused across neural seeds; .27 and .81 horizons pooled only after same-schedule pairing","paired_rows/finite_pairs are repeated endpoint observations, not independent fields; discrete 24 independent field clusters; continuum 12","strict candidate RMS<control RMS; strict max<control max; accuracy_and_speed requires strict RMS,max,and cost wins together; no tolerance feasibility filter",results/roadmap-full-review/neural-review.json,/paired_same_schedule/c1_rank0/rf_base/discrete,dfd77097a59dbc0b5af3b7dc1f57073fc459c9ddc98aec45db9da92b4a0124f6
roadmap,c1_rank0,rf_base,continuum,DESCRIPTIVE_PAIRED_MEASUREMENTS,720,720,610,720,1.1047455017795889,0.16829643271687378,0,comparator / candidate; >1 favors candidate for lower RMS and lower latency,"same parent, grid, schedule and spatial target; paired neural seed; classical controls reused across neural seeds; .27 and .81 horizons pooled only after same-schedule pairing","paired_rows/finite_pairs are repeated endpoint observations, not independent fields; discrete 24 independent field clusters; continuum 12","strict candidate RMS<control RMS; strict max<control max; accuracy_and_speed requires strict RMS,max,and cost wins together; no tolerance feasibility filter",results/roadmap-full-review/neural-review.json,/paired_same_schedule/c1_rank0/rf_base/continuum,dfd77097a59dbc0b5af3b7dc1f57073fc459c9ddc98aec45db9da92b4a0124f6
roadmap,c1_rank0,etdrk4,discrete,DESCRIPTIVE_PAIRED_MEASUREMENTS,1440,1440,1312,1269,9.400207230822659,0.2564955764344189,0,comparator / candidate; >1 favors candidate for lower RMS and lower latency,"same parent, grid, schedule and spatial target; paired neural seed; classical controls reused across neural seeds; .27 and .81 horizons pooled only after same-schedule pairing","paired_rows/finite_pairs are repeated endpoint observations, not independent fields; discrete 24 independent field clusters; continuum 12","strict candidate RMS<control RMS; strict max<control max; accuracy_and_speed requires strict RMS,max,and cost wins together; no tolerance feasibility filter",results/roadmap-full-review/neural-review.json,/paired_same_schedule/c1_rank0/etdrk4/discrete,dfd77097a59dbc0b5af3b7dc1f57073fc459c9ddc98aec45db9da92b4a0124f6
roadmap,c1_rank0,etdrk4,continuum,DESCRIPTIVE_PAIRED_MEASUREMENTS,720,720,613,683,1.1135397908365654,0.2561691266207291,0,comparator / candidate; >1 favors candidate for lower RMS and lower latency,"same parent, grid, schedule and spatial target; paired neural seed; classical controls reused across neural seeds; .27 and .81 horizons pooled only after same-schedule pairing","paired_rows/finite_pairs are repeated endpoint observations, not independent fields; discrete 24 independent field clusters; continuum 12","strict candidate RMS<control RMS; strict max<control max; accuracy_and_speed requires strict RMS,max,and cost wins together; no tolerance feasibility filter",results/roadmap-full-review/neural-review.json,/paired_same_schedule/c1_rank0/etdrk4/continuum,dfd77097a59dbc0b5af3b7dc1f57073fc459c9ddc98aec45db9da92b4a0124f6
roadmap,c1_rank0,gl3_fused,discrete,DESCRIPTIVE_PAIRED_MEASUREMENTS,1440,1440,380,420,0.6478336084550621,0.5445772168509435,0,comparator / candidate; >1 favors candidate for lower RMS and lower latency,"same parent, grid, schedule and spatial target; paired neural seed; classical controls reused across neural seeds; .27 and .81 horizons pooled only after same-schedule pairing","paired_rows/finite_pairs are repeated endpoint observations, not independent fields; discrete 24 independent field clusters; continuum 12","strict candidate RMS<control RMS; strict max<control max; accuracy_and_speed requires strict RMS,max,and cost wins together; no tolerance feasibility filter",results/roadmap-full-review/neural-review.json,/paired_same_schedule/c1_rank0/gl3_fused/discrete,dfd77097a59dbc0b5af3b7dc1f57073fc459c9ddc98aec45db9da92b4a0124f6
roadmap,c1_rank0,gl3_fused,continuum,DESCRIPTIVE_PAIRED_MEASUREMENTS,720,720,443,608,1.0000919450459844,0.5446222643229977,0,comparator / candidate; >1 favors candidate for lower RMS and lower latency,"same parent, grid, schedule and spatial target; paired neural seed; classical controls reused across neural seeds; .27 and .81 horizons pooled only after same-schedule pairing","paired_rows/finite_pairs are repeated endpoint observations, not independent fields; discrete 24 independent field clusters; continuum 12","strict candidate RMS<control RMS; strict max<control max; accuracy_and_speed requires strict RMS,max,and cost wins together; no tolerance feasibility filter",results/roadmap-full-review/neural-review.json,/paired_same_schedule/c1_rank0/gl3_fused/continuum,dfd77097a59dbc0b5af3b7dc1f57073fc459c9ddc98aec45db9da92b4a0124f6
roadmap,rf_base,source,discrete,UNAVAILABLE_NO_MATCHED_ROWS,0,0,0,0,,,0,comparator / candidate; >1 favors candidate for lower RMS and lower latency,"same parent, grid, schedule and spatial target; paired neural seed; classical controls reused across neural seeds; .27 and .81 horizons pooled only after same-schedule pairing","paired_rows/finite_pairs are repeated endpoint observations, not independent fields; discrete 24 independent field clusters; continuum 12","strict candidate RMS<control RMS; strict max<control max; accuracy_and_speed requires strict RMS,max,and cost wins together; no tolerance feasibility filter",results/roadmap-full-review/neural-review.json,/paired_same_schedule/rf_base/source/discrete,dfd77097a59dbc0b5af3b7dc1f57073fc459c9ddc98aec45db9da92b4a0124f6
roadmap,rf_base,source,continuum,UNAVAILABLE_NO_MATCHED_ROWS,0,0,0,0,,,0,comparator / candidate; >1 favors candidate for lower RMS and lower latency,"same parent, grid, schedule and spatial target; paired neural seed; classical controls reused across neural seeds; .27 and .81 horizons pooled only after same-schedule pairing","paired_rows/finite_pairs are repeated endpoint observations, not independent fields; discrete 24 independent field clusters; continuum 12","strict candidate RMS<control RMS; strict max<control max; accuracy_and_speed requires strict RMS,max,and cost wins together; no tolerance feasibility filter",results/roadmap-full-review/neural-review.json,/paired_same_schedule/rf_base/source/continuum,dfd77097a59dbc0b5af3b7dc1f57073fc459c9ddc98aec45db9da92b4a0124f6
roadmap,rf_base,source_postcompression,discrete,UNAVAILABLE_NO_MATCHED_ROWS,0,0,0,0,,,0,comparator / candidate; >1 favors candidate for lower RMS and lower latency,"same parent, grid, schedule and spatial target; paired neural seed; classical controls reused across neural seeds; .27 and .81 horizons pooled only after same-schedule pairing","paired_rows/finite_pairs are repeated endpoint observations, not independent fields; discrete 24 independent field clusters; continuum 12","strict candidate RMS<control RMS; strict max<control max; accuracy_and_speed requires strict RMS,max,and cost wins together; no tolerance feasibility filter",results/roadmap-full-review/neural-review.json,/paired_same_schedule/rf_base/source_postcompression/discrete,dfd77097a59dbc0b5af3b7dc1f57073fc459c9ddc98aec45db9da92b4a0124f6
roadmap,rf_base,source_postcompression,continuum,UNAVAILABLE_NO_MATCHED_ROWS,0,0,0,0,,,0,comparator / candidate; >1 favors candidate for lower RMS and lower latency,"same parent, grid, schedule and spatial target; paired neural seed; classical controls reused across neural seeds; .27 and .81 horizons pooled only after same-schedule pairing","paired_rows/finite_pairs are repeated endpoint observations, not independent fields; discrete 24 independent field clusters; continuum 12","strict candidate RMS<control RMS; strict max<control max; accuracy_and_speed requires strict RMS,max,and cost wins together; no tolerance feasibility filter",results/roadmap-full-review/neural-review.json,/paired_same_schedule/rf_base/source_postcompression/continuum,dfd77097a59dbc0b5af3b7dc1f57073fc459c9ddc98aec45db9da92b4a0124f6
roadmap,rf_base,cheap_fno,discrete,UNAVAILABLE_NO_MATCHED_ROWS,0,0,0,0,,,0,comparator / candidate; >1 favors candidate for lower RMS and lower latency,"same parent, grid, schedule and spatial target; paired neural seed; classical controls reused across neural seeds; .27 and .81 horizons pooled only after same-schedule pairing","paired_rows/finite_pairs are repeated endpoint observations, not independent fields; discrete 24 independent field clusters; continuum 12","strict candidate RMS<control RMS; strict max<control max; accuracy_and_speed requires strict RMS,max,and cost wins together; no tolerance feasibility filter",results/roadmap-full-review/neural-review.json,/paired_same_schedule/rf_base/cheap_fno/discrete,dfd77097a59dbc0b5af3b7dc1f57073fc459c9ddc98aec45db9da92b4a0124f6
roadmap,rf_base,cheap_fno,continuum,UNAVAILABLE_NO_MATCHED_ROWS,0,0,0,0,,,0,comparator / candidate; >1 favors candidate for lower RMS and lower latency,"same parent, grid, schedule and spatial target; paired neural seed; classical controls reused across neural seeds; .27 and .81 horizons pooled only after same-schedule pairing","paired_rows/finite_pairs are repeated endpoint observations, not independent fields; discrete 24 independent field clusters; continuum 12","strict candidate RMS<control RMS; strict max<control max; accuracy_and_speed requires strict RMS,max,and cost wins together; no tolerance feasibility filter",results/roadmap-full-review/neural-review.json,/paired_same_schedule/rf_base/cheap_fno/continuum,dfd77097a59dbc0b5af3b7dc1f57073fc459c9ddc98aec45db9da92b4a0124f6
roadmap,rf_base,deep_fno,discrete,UNAVAILABLE_NO_MATCHED_ROWS,0,0,0,0,,,0,comparator / candidate; >1 favors candidate for lower RMS and lower latency,"same parent, grid, schedule and spatial target; paired neural seed; classical controls reused across neural seeds; .27 and .81 horizons pooled only after same-schedule pairing","paired_rows/finite_pairs are repeated endpoint observations, not independent fields; discrete 24 independent field clusters; continuum 12","strict candidate RMS<control RMS; strict max<control max; accuracy_and_speed requires strict RMS,max,and cost wins together; no tolerance feasibility filter",results/roadmap-full-review/neural-review.json,/paired_same_schedule/rf_base/deep_fno/discrete,dfd77097a59dbc0b5af3b7dc1f57073fc459c9ddc98aec45db9da92b4a0124f6
roadmap,rf_base,deep_fno,continuum,UNAVAILABLE_NO_MATCHED_ROWS,0,0,0,0,,,0,comparator / candidate; >1 favors candidate for lower RMS and lower latency,"same parent, grid, schedule and spatial target; paired neural seed; classical controls reused across neural seeds; .27 and .81 horizons pooled only after same-schedule pairing","paired_rows/finite_pairs are repeated endpoint observations, not independent fields; discrete 24 independent field clusters; continuum 12","strict candidate RMS<control RMS; strict max<control max; accuracy_and_speed requires strict RMS,max,and cost wins together; no tolerance feasibility filter",results/roadmap-full-review/neural-review.json,/paired_same_schedule/rf_base/deep_fno/continuum,dfd77097a59dbc0b5af3b7dc1f57073fc459c9ddc98aec45db9da92b4a0124f6
roadmap,rf_base,direct_fno,discrete,UNAVAILABLE_NO_MATCHED_ROWS,0,0,0,0,,,0,comparator / candidate; >1 favors candidate for lower RMS and lower latency,"same parent, grid, schedule and spatial target; paired neural seed; classical controls reused across neural seeds; .27 and .81 horizons pooled only after same-schedule pairing","paired_rows/finite_pairs are repeated endpoint observations, not independent fields; discrete 24 independent field clusters; continuum 12","strict candidate RMS<control RMS; strict max<control max; accuracy_and_speed requires strict RMS,max,and cost wins together; no tolerance feasibility filter",results/roadmap-full-review/neural-review.json,/paired_same_schedule/rf_base/direct_fno/discrete,dfd77097a59dbc0b5af3b7dc1f57073fc459c9ddc98aec45db9da92b4a0124f6
roadmap,rf_base,direct_fno,continuum,UNAVAILABLE_NO_MATCHED_ROWS,0,0,0,0,,,0,comparator / candidate; >1 favors candidate for lower RMS and lower latency,"same parent, grid, schedule and spatial target; paired neural seed; classical controls reused across neural seeds; .27 and .81 horizons pooled only after same-schedule pairing","paired_rows/finite_pairs are repeated endpoint observations, not independent fields; discrete 24 independent field clusters; continuum 12","strict candidate RMS<control RMS; strict max<control max; accuracy_and_speed requires strict RMS,max,and cost wins together; no tolerance feasibility filter",results/roadmap-full-review/neural-review.json,/paired_same_schedule/rf_base/direct_fno/continuum,dfd77097a59dbc0b5af3b7dc1f57073fc459c9ddc98aec45db9da92b4a0124f6
roadmap,rf_base,df_base,discrete,DESCRIPTIVE_PAIRED_MEASUREMENTS,480,480,83,75,0.5092936954421865,0.903407688628814,2,comparator / candidate; >1 favors candidate for lower RMS and lower latency,"same parent, grid, schedule and spatial target; paired neural seed; classical controls reused across neural seeds; .27 and .81 horizons pooled only after same-schedule pairing","paired_rows/finite_pairs are repeated endpoint observations, not independent fields; discrete 24 independent field clusters; continuum 12","strict candidate RMS<control RMS; strict max<control max; accuracy_and_speed requires strict RMS,max,and cost wins together; no tolerance feasibility filter",results/roadmap-full-review/neural-review.json,/paired_same_schedule/rf_base/df_base/discrete,dfd77097a59dbc0b5af3b7dc1f57073fc459c9ddc98aec45db9da92b4a0124f6
roadmap,rf_base,df_base,continuum,DESCRIPTIVE_PAIRED_MEASUREMENTS,240,240,44,0,0.9258719980967057,0.9042284821061153,0,comparator / candidate; >1 favors candidate for lower RMS and lower latency,"same parent, grid, schedule and spatial target; paired neural seed; classical controls reused across neural seeds; .27 and .81 horizons pooled only after same-schedule pairing","paired_rows/finite_pairs are repeated endpoint observations, not independent fields; discrete 24 independent field clusters; continuum 12","strict candidate RMS<control RMS; strict max<control max; accuracy_and_speed requires strict RMS,max,and cost wins together; no tolerance feasibility filter",results/roadmap-full-review/neural-review.json,/paired_same_schedule/rf_base/df_base/continuum,dfd77097a59dbc0b5af3b7dc1f57073fc459c9ddc98aec45db9da92b4a0124f6
roadmap,rf_base,df_quad2,discrete,DESCRIPTIVE_PAIRED_MEASUREMENTS,480,480,11,30,0.06494306987378282,4.2853193942635155,11,comparator / candidate; >1 favors candidate for lower RMS and lower latency,"same parent, grid, schedule and spatial target; paired neural seed; classical controls reused across neural seeds; .27 and .81 horizons pooled only after same-schedule pairing","paired_rows/finite_pairs are repeated endpoint observations, not independent fields; discrete 24 independent field clusters; continuum 12","strict candidate RMS<control RMS; strict max<control max; accuracy_and_speed requires strict RMS,max,and cost wins together; no tolerance feasibility filter",results/roadmap-full-review/neural-review.json,/paired_same_schedule/rf_base/df_quad2/discrete,dfd77097a59dbc0b5af3b7dc1f57073fc459c9ddc98aec45db9da92b4a0124f6
roadmap,rf_base,df_quad2,continuum,DESCRIPTIVE_PAIRED_MEASUREMENTS,240,240,37,0,0.90726374251421,4.288879721158693,0,comparator / candidate; >1 favors candidate for lower RMS and lower latency,"same parent, grid, schedule and spatial target; paired neural seed; classical controls reused across neural seeds; .27 and .81 horizons pooled only after same-schedule pairing","paired_rows/finite_pairs are repeated endpoint observations, not independent fields; discrete 24 independent field clusters; continuum 12","strict candidate RMS<control RMS; strict max<control max; accuracy_and_speed requires strict RMS,max,and cost wins together; no tolerance feasibility filter",results/roadmap-full-review/neural-review.json,/paired_same_schedule/rf_base/df_quad2/continuum,dfd77097a59dbc0b5af3b7dc1f57073fc459c9ddc98aec45db9da92b4a0124f6
roadmap,rf_base,etdrk4,discrete,DESCRIPTIVE_PAIRED_MEASUREMENTS,480,480,279,255,1.8725060179769737,1.5232504173119747,255,comparator / candidate; >1 favors candidate for lower RMS and lower latency,"same parent, grid, schedule and spatial target; paired neural seed; classical controls reused across neural seeds; .27 and .81 horizons pooled only after same-schedule pairing","paired_rows/finite_pairs are repeated endpoint observations, not independent fields; discrete 24 independent field clusters; continuum 12","strict candidate RMS<control RMS; strict max<control max; accuracy_and_speed requires strict RMS,max,and cost wins together; no tolerance feasibility filter",results/roadmap-full-review/neural-review.json,/paired_same_schedule/rf_base/etdrk4/discrete,dfd77097a59dbc0b5af3b7dc1f57073fc459c9ddc98aec45db9da92b4a0124f6
roadmap,rf_base,etdrk4,continuum,DESCRIPTIVE_PAIRED_MEASUREMENTS,240,240,140,129,1.0113131349041824,1.521124946536259,129,comparator / candidate; >1 favors candidate for lower RMS and lower latency,"same parent, grid, schedule and spatial target; paired neural seed; classical controls reused across neural seeds; .27 and .81 horizons pooled only after same-schedule pairing","paired_rows/finite_pairs are repeated endpoint observations, not independent fields; discrete 24 independent field clusters; continuum 12","strict candidate RMS<control RMS; strict max<control max; accuracy_and_speed requires strict RMS,max,and cost wins together; no tolerance feasibility filter",results/roadmap-full-review/neural-review.json,/paired_same_schedule/rf_base/etdrk4/continuum,dfd77097a59dbc0b5af3b7dc1f57073fc459c9ddc98aec45db9da92b4a0124f6
roadmap,rf_base,gl3_fused,discrete,DESCRIPTIVE_PAIRED_MEASUREMENTS,480,480,6,6,0.04908941875856837,3.229243211144454,3,comparator / candidate; >1 favors candidate for lower RMS and lower latency,"same parent, grid, schedule and spatial target; paired neural seed; classical controls reused across neural seeds; .27 and .81 horizons pooled only after same-schedule pairing","paired_rows/finite_pairs are repeated endpoint observations, not independent fields; discrete 24 independent field clusters; continuum 12","strict candidate RMS<control RMS; strict max<control max; accuracy_and_speed requires strict RMS,max,and cost wins together; no tolerance feasibility filter",results/roadmap-full-review/neural-review.json,/paired_same_schedule/rf_base/gl3_fused/discrete,dfd77097a59dbc0b5af3b7dc1f57073fc459c9ddc98aec45db9da92b4a0124f6
roadmap,rf_base,gl3_fused,continuum,DESCRIPTIVE_PAIRED_MEASUREMENTS,240,240,3,0,0.889711941296143,3.228782856469575,0,comparator / candidate; >1 favors candidate for lower RMS and lower latency,"same parent, grid, schedule and spatial target; paired neural seed; classical controls reused across neural seeds; .27 and .81 horizons pooled only after same-schedule pairing","paired_rows/finite_pairs are repeated endpoint observations, not independent fields; discrete 24 independent field clusters; continuum 12","strict candidate RMS<control RMS; strict max<control max; accuracy_and_speed requires strict RMS,max,and cost wins together; no tolerance feasibility filter",results/roadmap-full-review/neural-review.json,/paired_same_schedule/rf_base/gl3_fused/continuum,dfd77097a59dbc0b5af3b7dc1f57073fc459c9ddc98aec45db9da92b4a0124f6
roadmap,gl3_fused,source,discrete,UNAVAILABLE_NO_MATCHED_ROWS,0,0,0,0,,,0,comparator / candidate; >1 favors candidate for lower RMS and lower latency,"same parent, grid, schedule and spatial target; paired neural seed; classical controls reused across neural seeds; .27 and .81 horizons pooled only after same-schedule pairing","paired_rows/finite_pairs are repeated endpoint observations, not independent fields; discrete 24 independent field clusters; continuum 12","strict candidate RMS<control RMS; strict max<control max; accuracy_and_speed requires strict RMS,max,and cost wins together; no tolerance feasibility filter",results/roadmap-full-review/neural-review.json,/paired_same_schedule/gl3_fused/source/discrete,dfd77097a59dbc0b5af3b7dc1f57073fc459c9ddc98aec45db9da92b4a0124f6
roadmap,gl3_fused,source,continuum,UNAVAILABLE_NO_MATCHED_ROWS,0,0,0,0,,,0,comparator / candidate; >1 favors candidate for lower RMS and lower latency,"same parent, grid, schedule and spatial target; paired neural seed; classical controls reused across neural seeds; .27 and .81 horizons pooled only after same-schedule pairing","paired_rows/finite_pairs are repeated endpoint observations, not independent fields; discrete 24 independent field clusters; continuum 12","strict candidate RMS<control RMS; strict max<control max; accuracy_and_speed requires strict RMS,max,and cost wins together; no tolerance feasibility filter",results/roadmap-full-review/neural-review.json,/paired_same_schedule/gl3_fused/source/continuum,dfd77097a59dbc0b5af3b7dc1f57073fc459c9ddc98aec45db9da92b4a0124f6
roadmap,gl3_fused,source_postcompression,discrete,UNAVAILABLE_NO_MATCHED_ROWS,0,0,0,0,,,0,comparator / candidate; >1 favors candidate for lower RMS and lower latency,"same parent, grid, schedule and spatial target; paired neural seed; classical controls reused across neural seeds; .27 and .81 horizons pooled only after same-schedule pairing","paired_rows/finite_pairs are repeated endpoint observations, not independent fields; discrete 24 independent field clusters; continuum 12","strict candidate RMS<control RMS; strict max<control max; accuracy_and_speed requires strict RMS,max,and cost wins together; no tolerance feasibility filter",results/roadmap-full-review/neural-review.json,/paired_same_schedule/gl3_fused/source_postcompression/discrete,dfd77097a59dbc0b5af3b7dc1f57073fc459c9ddc98aec45db9da92b4a0124f6
roadmap,gl3_fused,source_postcompression,continuum,UNAVAILABLE_NO_MATCHED_ROWS,0,0,0,0,,,0,comparator / candidate; >1 favors candidate for lower RMS and lower latency,"same parent, grid, schedule and spatial target; paired neural seed; classical controls reused across neural seeds; .27 and .81 horizons pooled only after same-schedule pairing","paired_rows/finite_pairs are repeated endpoint observations, not independent fields; discrete 24 independent field clusters; continuum 12","strict candidate RMS<control RMS; strict max<control max; accuracy_and_speed requires strict RMS,max,and cost wins together; no tolerance feasibility filter",results/roadmap-full-review/neural-review.json,/paired_same_schedule/gl3_fused/source_postcompression/continuum,dfd77097a59dbc0b5af3b7dc1f57073fc459c9ddc98aec45db9da92b4a0124f6
roadmap,gl3_fused,cheap_fno,discrete,UNAVAILABLE_NO_MATCHED_ROWS,0,0,0,0,,,0,comparator / candidate; >1 favors candidate for lower RMS and lower latency,"same parent, grid, schedule and spatial target; paired neural seed; classical controls reused across neural seeds; .27 and .81 horizons pooled only after same-schedule pairing","paired_rows/finite_pairs are repeated endpoint observations, not independent fields; discrete 24 independent field clusters; continuum 12","strict candidate RMS<control RMS; strict max<control max; accuracy_and_speed requires strict RMS,max,and cost wins together; no tolerance feasibility filter",results/roadmap-full-review/neural-review.json,/paired_same_schedule/gl3_fused/cheap_fno/discrete,dfd77097a59dbc0b5af3b7dc1f57073fc459c9ddc98aec45db9da92b4a0124f6
roadmap,gl3_fused,cheap_fno,continuum,UNAVAILABLE_NO_MATCHED_ROWS,0,0,0,0,,,0,comparator / candidate; >1 favors candidate for lower RMS and lower latency,"same parent, grid, schedule and spatial target; paired neural seed; classical controls reused across neural seeds; .27 and .81 horizons pooled only after same-schedule pairing","paired_rows/finite_pairs are repeated endpoint observations, not independent fields; discrete 24 independent field clusters; continuum 12","strict candidate RMS<control RMS; strict max<control max; accuracy_and_speed requires strict RMS,max,and cost wins together; no tolerance feasibility filter",results/roadmap-full-review/neural-review.json,/paired_same_schedule/gl3_fused/cheap_fno/continuum,dfd77097a59dbc0b5af3b7dc1f57073fc459c9ddc98aec45db9da92b4a0124f6
roadmap,gl3_fused,deep_fno,discrete,UNAVAILABLE_NO_MATCHED_ROWS,0,0,0,0,,,0,comparator / candidate; >1 favors candidate for lower RMS and lower latency,"same parent, grid, schedule and spatial target; paired neural seed; classical controls reused across neural seeds; .27 and .81 horizons pooled only after same-schedule pairing","paired_rows/finite_pairs are repeated endpoint observations, not independent fields; discrete 24 independent field clusters; continuum 12","strict candidate RMS<control RMS; strict max<control max; accuracy_and_speed requires strict RMS,max,and cost wins together; no tolerance feasibility filter",results/roadmap-full-review/neural-review.json,/paired_same_schedule/gl3_fused/deep_fno/discrete,dfd77097a59dbc0b5af3b7dc1f57073fc459c9ddc98aec45db9da92b4a0124f6
roadmap,gl3_fused,deep_fno,continuum,UNAVAILABLE_NO_MATCHED_ROWS,0,0,0,0,,,0,comparator / candidate; >1 favors candidate for lower RMS and lower latency,"same parent, grid, schedule and spatial target; paired neural seed; classical controls reused across neural seeds; .27 and .81 horizons pooled only after same-schedule pairing","paired_rows/finite_pairs are repeated endpoint observations, not independent fields; discrete 24 independent field clusters; continuum 12","strict candidate RMS<control RMS; strict max<control max; accuracy_and_speed requires strict RMS,max,and cost wins together; no tolerance feasibility filter",results/roadmap-full-review/neural-review.json,/paired_same_schedule/gl3_fused/deep_fno/continuum,dfd77097a59dbc0b5af3b7dc1f57073fc459c9ddc98aec45db9da92b4a0124f6
roadmap,gl3_fused,direct_fno,discrete,UNAVAILABLE_NO_MATCHED_ROWS,0,0,0,0,,,0,comparator / candidate; >1 favors candidate for lower RMS and lower latency,"same parent, grid, schedule and spatial target; paired neural seed; classical controls reused across neural seeds; .27 and .81 horizons pooled only after same-schedule pairing","paired_rows/finite_pairs are repeated endpoint observations, not independent fields; discrete 24 independent field clusters; continuum 12","strict candidate RMS<control RMS; strict max<control max; accuracy_and_speed requires strict RMS,max,and cost wins together; no tolerance feasibility filter",results/roadmap-full-review/neural-review.json,/paired_same_schedule/gl3_fused/direct_fno/discrete,dfd77097a59dbc0b5af3b7dc1f57073fc459c9ddc98aec45db9da92b4a0124f6
roadmap,gl3_fused,direct_fno,continuum,UNAVAILABLE_NO_MATCHED_ROWS,0,0,0,0,,,0,comparator / candidate; >1 favors candidate for lower RMS and lower latency,"same parent, grid, schedule and spatial target; paired neural seed; classical controls reused across neural seeds; .27 and .81 horizons pooled only after same-schedule pairing","paired_rows/finite_pairs are repeated endpoint observations, not independent fields; discrete 24 independent field clusters; continuum 12","strict candidate RMS<control RMS; strict max<control max; accuracy_and_speed requires strict RMS,max,and cost wins together; no tolerance feasibility filter",results/roadmap-full-review/neural-review.json,/paired_same_schedule/gl3_fused/direct_fno/continuum,dfd77097a59dbc0b5af3b7dc1f57073fc459c9ddc98aec45db9da92b4a0124f6
roadmap,gl3_fused,df_base,discrete,DESCRIPTIVE_PAIRED_MEASUREMENTS,480,480,456,450,11.534611876525858,0.28091698662004094,0,comparator / candidate; >1 favors candidate for lower RMS and lower latency,"same parent, grid, schedule and spatial target; paired neural seed; classical controls reused across neural seeds; .27 and .81 horizons pooled only after same-schedule pairing","paired_rows/finite_pairs are repeated endpoint observations, not independent fields; discrete 24 independent field clusters; continuum 12","strict candidate RMS<control RMS; strict max<control max; accuracy_and_speed requires strict RMS,max,and cost wins together; no tolerance feasibility filter",results/roadmap-full-review/neural-review.json,/paired_same_schedule/gl3_fused/df_base/discrete,dfd77097a59dbc0b5af3b7dc1f57073fc459c9ddc98aec45db9da92b4a0124f6
roadmap,gl3_fused,df_base,continuum,DESCRIPTIVE_PAIRED_MEASUREMENTS,240,240,147,49,1.0029621621312486,0.2822286762674271,0,comparator / candidate; >1 favors candidate for lower RMS and lower latency,"same parent, grid, schedule and spatial target; paired neural seed; classical controls reused across neural seeds; .27 and .81 horizons pooled only after same-schedule pairing","paired_rows/finite_pairs are repeated endpoint observations, not independent fields; discrete 24 independent field clusters; continuum 12","strict candidate RMS<control RMS; strict max<control max; accuracy_and_speed requires strict RMS,max,and cost wins together; no tolerance feasibility filter",results/roadmap-full-review/neural-review.json,/paired_same_schedule/gl3_fused/df_base/continuum,dfd77097a59dbc0b5af3b7dc1f57073fc459c9ddc98aec45db9da92b4a0124f6
roadmap,gl3_fused,df_quad2,discrete,DESCRIPTIVE_PAIRED_MEASUREMENTS,480,480,328,335,1.5132559773864245,1.3235069482482438,301,comparator / candidate; >1 favors candidate for lower RMS and lower latency,"same parent, grid, schedule and spatial target; paired neural seed; classical controls reused across neural seeds; .27 and .81 horizons pooled only after same-schedule pairing","paired_rows/finite_pairs are repeated endpoint observations, not independent fields; discrete 24 independent field clusters; continuum 12","strict candidate RMS<control RMS; strict max<control max; accuracy_and_speed requires strict RMS,max,and cost wins together; no tolerance feasibility filter",results/roadmap-full-review/neural-review.json,/paired_same_schedule/gl3_fused/df_quad2/discrete,dfd77097a59dbc0b5af3b7dc1f57073fc459c9ddc98aec45db9da92b4a0124f6
roadmap,gl3_fused,df_quad2,continuum,DESCRIPTIVE_PAIRED_MEASUREMENTS,240,240,90,36,0.9998835285249921,1.3247581175055037,36,comparator / candidate; >1 favors candidate for lower RMS and lower latency,"same parent, grid, schedule and spatial target; paired neural seed; classical controls reused across neural seeds; .27 and .81 horizons pooled only after same-schedule pairing","paired_rows/finite_pairs are repeated endpoint observations, not independent fields; discrete 24 independent field clusters; continuum 12","strict candidate RMS<control RMS; strict max<control max; accuracy_and_speed requires strict RMS,max,and cost wins together; no tolerance feasibility filter",results/roadmap-full-review/neural-review.json,/paired_same_schedule/gl3_fused/df_quad2/continuum,dfd77097a59dbc0b5af3b7dc1f57073fc459c9ddc98aec45db9da92b4a0124f6
roadmap,gl3_fused,rf_base,discrete,DESCRIPTIVE_PAIRED_MEASUREMENTS,480,480,466,464,20.371018006699437,0.30967008004577207,0,comparator / candidate; >1 favors candidate for lower RMS and lower latency,"same parent, grid, schedule and spatial target; paired neural seed; classical controls reused across neural seeds; .27 and .81 horizons pooled only after same-schedule pairing","paired_rows/finite_pairs are repeated endpoint observations, not independent fields; discrete 24 independent field clusters; continuum 12","strict candidate RMS<control RMS; strict max<control max; accuracy_and_speed requires strict RMS,max,and cost wins together; no tolerance feasibility filter",results/roadmap-full-review/neural-review.json,/paired_same_schedule/gl3_fused/rf_base/discrete,dfd77097a59dbc0b5af3b7dc1f57073fc459c9ddc98aec45db9da92b4a0124f6
roadmap,gl3_fused,rf_base,continuum,DESCRIPTIVE_PAIRED_MEASUREMENTS,240,240,233,236,1.1239645970564243,0.30971423324482683,0,comparator / candidate; >1 favors candidate for lower RMS and lower latency,"same parent, grid, schedule and spatial target; paired neural seed; classical controls reused across neural seeds; .27 and .81 horizons pooled only after same-schedule pairing","paired_rows/finite_pairs are repeated endpoint observations, not independent fields; discrete 24 independent field clusters; continuum 12","strict candidate RMS<control RMS; strict max<control max; accuracy_and_speed requires strict RMS,max,and cost wins together; no tolerance feasibility filter",results/roadmap-full-review/neural-review.json,/paired_same_schedule/gl3_fused/rf_base/continuum,dfd77097a59dbc0b5af3b7dc1f57073fc459c9ddc98aec45db9da92b4a0124f6
roadmap,gl3_fused,etdrk4,discrete,DESCRIPTIVE_PAIRED_MEASUREMENTS,480,480,444,440,25.220935667112457,0.47107836271770664,0,comparator / candidate; >1 favors candidate for lower RMS and lower latency,"same parent, grid, schedule and spatial target; paired neural seed; classical controls reused across neural seeds; .27 and .81 horizons pooled only after same-schedule pairing","paired_rows/finite_pairs are repeated endpoint observations, not independent fields; discrete 24 independent field clusters; continuum 12","strict candidate RMS<control RMS; strict max<control max; accuracy_and_speed requires strict RMS,max,and cost wins together; no tolerance feasibility filter",results/roadmap-full-review/neural-review.json,/paired_same_schedule/gl3_fused/etdrk4/discrete,dfd77097a59dbc0b5af3b7dc1f57073fc459c9ddc98aec45db9da92b4a0124f6
roadmap,gl3_fused,etdrk4,continuum,DESCRIPTIVE_PAIRED_MEASUREMENTS,240,240,196,199,1.1316661638992196,0.4704139749848183,0,comparator / candidate; >1 favors candidate for lower RMS and lower latency,"same parent, grid, schedule and spatial target; paired neural seed; classical controls reused across neural seeds; .27 and .81 horizons pooled only after same-schedule pairing","paired_rows/finite_pairs are repeated endpoint observations, not independent fields; discrete 24 independent field clusters; continuum 12","strict candidate RMS<control RMS; strict max<control max; accuracy_and_speed requires strict RMS,max,and cost wins together; no tolerance feasibility filter",results/roadmap-full-review/neural-review.json,/paired_same_schedule/gl3_fused/etdrk4/continuum,dfd77097a59dbc0b5af3b7dc1f57073fc459c9ddc98aec45db9da92b4a0124f6
